,mz,rt,into,maxo,intb
1,169.06971473692,10.7243,36716.8073074043,8749.62890625,34991.9602609304
2,194.118754466317,36.4538,61624.0534276855,12002.76171875,59463.7042740681
3,365.274210590329,37.7489,1839149.44786222,63456.9375,1792502.93683139
4,115.051317047619,102.417,94303.0681475912,26933.982421875,92050.2639056256
5,364.270844138693,36.4538,8817470.10596799,293446.78125,8525954.69715283
6,97.0405427732318,130.238,55540.8009707031,13826.88671875,55535.5649707031
7,311.897115999047,157.139,90399.8153484377,32987.66796875,88724.8168341798
8,791.739224453879,158.395,207950.994819987,41997.21875,196364.796818034
9,408.855062607031,5.33041,2585041.46679026,100069.28125,2585003.74427383
10,408.855211659781,96.0581,3247265.11327827,111478.2421875,3247219.54725542
11,408.85514537723,154.629,1764122.6885625,95366.84375,1764097.1845625
12,408.854963653609,55.5723,1460752.22468124,111645.546875,1460729.47384594
13,507.836525503696,178.643,54741.8544785156,14144.3466796875,53635.6299770996
14,310.177976312658,205.241,281785.480261231,62049.25390625,281779.152761231
15,425.258312534802,205.241,117005.365064453,31526.970703125,116417.409397197
16,294.182951408104,205.241,238257.180290527,50046.46875,237233.62468703
17,313.164715825325,206.491,287050.454828559,59595.4453125,285842.86193991
18,341.27006010352,205.241,202939.637839134,35741.97265625,201904.447753906
19,390.056793375052,202.739,309812.532570703,41324.75,309801.184470703
20,404.054699781304,206.491,131943.545678906,20638.337890625,131362.461671171
21,430.120708368282,206.491,140364.081825,40984.87109375,140359.080225
22,255.087886899501,206.491,447639.704227678,83603.7265625,444904.319163257
23,279.163660192583,205.241,614139.619469816,92452.9453125,611374.478309304
24,337.205845575887,203.991,659406.057906528,95446.9765625,634844.881869448
25,339.326989126594,206.491,105804.938617969,37443.83203125,105799.939417969
26,341.195892695456,205.241,171042.586143121,37577.8984375,171033.760698676
27,381.231969058754,203.991,326398.560400391,58730.0078125,323137.528732937
28,441.252504002689,205.241,151214.777240234,41493.3125,151207.23695452
29,625.131796408628,206.491,144606.966604687,39480.58203125,144601.967404687
30,275.093849532493,208.991,309983.673370605,62796.53515625,309976.114870605
31,279.127371680839,208.991,92250.9913730468,24614.501953125,92245.9593730468
32,294.135026297189,206.491,596696.296853321,95803.4453125,592517.271203411
33,340.203578238447,205.241,1048607.66692698,155646.171875,1039498.61727222
34,367.358693706501,207.74,185549.977326349,35940.390625,182774.227652335
35,397.226734376515,206.491,636440.647281657,98369.6640625,624302.497220122
36,511.104573150163,205.241,302613.083792535,64499.94921875,302602.964681424
37,266.151431486732,206.491,2135354.5629659,300699.15625,2107377.46839286
38,267.143776672549,206.491,752743.14529961,137323.609375,752731.73689961
39,283.110583705379,208.991,246796.656950521,54554.7265625,246790.338617187
40,326.187988915997,206.491,1706423.54210156,226463.359375,1685771.71292432
41,239.067470190798,208.991,659056.348528645,132131.71875,659046.277417534
42,249.077937651707,210.24,296194.724320312,73503.171875,296188.409320312
43,250.145082041366,208.991,522782.046755642,88241.4296875,522771.975644531
44,293.179488760095,205.241,2573585.67786159,304510.75,2457199.71466188
45,297.280205009268,210.24,227421.039171874,47614.1640625,227413.472314732
46,298.156594341903,207.74,616231.285576704,100440.0078125,616218.629213068
47,309.174378144005,205.241,2694031.61524284,321293.75,2258309.26546719
48,312.172358712942,206.491,1879988.2072545,276395.1875,1846089.14204167
49,248.581919323174,211.531,1105936.4594845,144130.734375,1082713.33284957
50,280.236479244993,212.823,93523.6517988281,22065.033203125,93518.5949988281
51,285.270894609409,211.531,1830106.03368164,316419.625,1828923.0114608
52,311.295835869849,210.24,1072439.57390625,155736.109375,1072428.25820625
53,353.200609670401,205.241,1735262.88627832,219533.90625,1616547.74273505
54,447.134378913207,214.069,507858.965407227,96751.8359375,503570.085531616
55,213.055951659473,214.069,267858.952182813,86335.203125,267853.899382813
56,257.175967859511,211.531,488112.23656429,107530.46875,486883.279346271
57,297.153103355828,207.74,3704315.40960586,518524.46875,3551349.66422906
58,428.125530871003,206.491,6881571.49704534,927154.8125,6881555.0956882
59,159.02992427763,72.0507,2577051.98876392,78406.734375,2577001.37440495
60,159.029937460614,154.629,4385021.60528307,85826.7265625,4384936.79228307
61,159.029940473353,17.1865,841564.244519146,58207.8515625,841544.976451289
62,159.029936854788,108.735,714482.767439453,60569.94140625,714468.870039453
63,171.10279122058,211.531,1059780.21780518,110341.5859375,712930.254517618
64,251.096006745678,214.069,749362.020041851,122289.9140625,749354.472898994
65,254.220723130293,214.069,236069.522923177,88126.3046875,214917.027994666
66,269.139491429534,214.069,179159.538503069,44590.28125,178554.595675291
67,329.269932293808,211.531,667750.700487195,90538.828125,667740.651598306
68,339.200138381795,205.241,5527265.13269624,613407.5,4890782.93248436
69,269.212568500076,216.556,171639.185385547,37144.70703125,170602.422699165
70,301.238700867032,215.312,408250.000933837,68576.3046875,408241.211558837
71,427.122148089423,206.491,27526942.7263125,3715972.75,27520098.6732461
72,450.153781123418,214.069,576120.120710448,100458.640625,576111.331335449
73,267.233153770377,214.069,408625.596745493,61259.7109375,280740.843535045
74,311.168995353737,206.491,10572176.6569966,1364391.875,9685863.01709888
75,402.088760423789,216.556,701200.531324776,158063.796875,701193.033896204
76,384.07926119581,217.796,1380446.66663965,264794.625,1379342.10973696
77,401.086362130739,216.556,3879354.76271484,616834.4375,3878295.9309894
78,401.097188073243,216.556,3073804.61130895,528569.625,3072253.81603505
79,309.171172841683,219.036,1097083.38400782,188586.625,1097075.88486496
80,257.239847108478,214.069,1574237.90450345,193205.546875,1562854.97206289
81,354.053132532345,220.278,125501.752249219,32614.9296875,125496.738649219
82,449.150235115479,214.069,3611503.94818694,489553.625,3611487.63132979
83,564.344412890606,219.036,427007.183270508,74223.015625,424939.703390442
84,699.298416794162,221.536,479327.988345376,118922.5234375,479321.732512043
85,1017.37851036945,220.278,399894.57147591,91004.7890625,399888.315642577
86,257.066883906223,220.278,836884.149127116,75178.3359375,739448.761826919
87,461.065565939725,217.796,684975.047554237,102350.6015625,684962.529092698
88,527.037315715108,219.036,940180.383896093,157202.625,936061.885948632
89,200.020253597575,220.278,1216560.88339043,234932.78125,1216549.64329043
90,297.243566047561,216.556,1518609.32937625,167863.921875,1511049.12731371
91,422.076247061364,217.796,1552484.04255127,209333.53125,1552470.26780127
92,487.044778486353,219.036,1099626.80691943,166047.4375,1099615.56681943
93,294.179478037853,220.278,1619244.36068735,283891.25,1619230.62761043
94,466.065771846896,219.036,874667.918108105,157199.078125,874656.674408105
95,118.992529869708,227.805,156118.628385603,36744.015625,155941.434690575
96,141.923781043353,225.31,139596.404091797,33972.796875,139590.141591797
97,248.080118315094,211.531,5200804.29140844,602391.0625,4706229.92798535
98,267.160227455259,225.31,270907.836237165,47810.796875,270900.316522879
99,325.18455984204,205.241,9929825.03091455,1238945,9069166.35140461
100,385.075339974965,225.31,108893.395788574,33126.08203125,108887.133288574
101,421.073015990016,217.796,6239633.52674375,880551.5625,6239614.71274375
102,465.062635774563,219.036,4038956.89476562,522649.71875,4038940.62619419
103,512.395661807151,224.063,152394.332625089,32719.798828125,152055.446736348
104,282.252103024473,212.823,1479585.55309937,151386.65625,1234567.82575138
105,400.094257047735,217.796,29012214.2572974,4216731.5,29011235.670634
106,228.205013222481,217.796,1441243.58731085,174812.515625,1409627.25943908
107,269.248674967184,212.823,3302357.44148932,387272.25,2860100.54932168
108,293.176071190647,220.278,9820216.66464174,1334485.375,9820199.18864174
109,298.046944876467,229.051,86523.8710218749,17643.51953125,86200.5023719377
110,305.020137684131,229.051,128742.556534668,33674.29296875,126456.139742294
111,383.08670976039,219.036,6319804.84685825,884326.375,6319787.32685825
112,398.327786940115,229.051,217370.556914063,53127.671875,216592.912107548
113,162.982518321319,227.805,261416.478515625,53869.6484375,261089.639546986
114,187.134099838799,226.558,294784.81117809,47656.12890625,287937.089633302
115,200.173801239235,221.536,2089204.4587989,286595.9375,2063048.31382215
116,212.021693361926,230.299,246749.785578125,58109.34765625,246743.498911459
117,213.149722153003,229.051,154217.873014027,18868.080078125,151935.990415173
118,251.049717298161,229.051,216679.711956753,40844.38671875,216672.176813896
119,255.051148997818,229.051,94071.3516530416,15409.6005859375,94063.8165101844
120,285.010750604307,230.299,106428.560371875,31053.291015625,106423.523571875
121,299.026805845747,232.854,283286.753419922,44051.546875,280813.449519549
122,565.197345319658,229.051,212267.541697917,47678.04296875,212261.25503125
123,194.997094899667,231.572,61643.4227812499,14133.2275390625,61638.3859812499
124,213.186170269815,219.036,1891079.60200597,242320.34375,1831949.53267697
125,214.144964746503,230.299,136782.770667643,35238.58203125,136776.48483431
126,215.12889981018,230.299,117066.126744052,26046.951171875,115036.111462641
127,235.064676208475,221.536,1609815.75033398,226158.9375,1601035.68994482
128,245.139724226859,231.572,69515.4136453124,19761.765625,69510.3768453124
129,259.118743804751,227.805,488166.987124999,96298.53125,488156.957791666
130,315.057956663661,230.299,130384.819054269,49604.69140625,130377.283911412
131,338.333940547216,230.299,167371.907092773,38423.171875,166977.849531542
132,383.07604279075,219.036,8822426.12440819,1297501.75,8822407.31340819
133,186.15806364589,227.805,420840.345625888,53672.45703125,420827.791080433
134,226.181445774454,231.572,380887.183572351,39231.296875,377471.212724283
135,243.179520799074,231.572,183787.963486016,23692.99609375,181575.627583975
136,698.295753196727,221.536,3808934.86259441,462414.5625,3808916.07759441
137,193.054110822731,231.572,359112.080325893,66024.234375,358695.130061411
138,242.067249727856,231.572,139669.643447266,35394.13671875,139662.112590123
139,268.979486046931,232.854,135817.74852567,37129.21875,135810.217668527
140,282.098357500797,232.854,76766.0841685547,13977.8681640625,74251.4175510291
141,286.989938153221,231.572,159387.254068359,28978.5859375,158425.09933102
142,159.127575606932,232.854,192606.851252868,38681.48046875,192598.072377868
143,159.130247095054,234.101,130215.120358984,38480.5546875,130210.107558984
144,199.134172652753,234.101,157160.340113166,31960.90625,154820.291954951
145,209.094933566665,231.572,1788799.48374375,309286.84375,1788788.20854375
146,297.047264865515,229.051,1224458.8250332,184394.234375,1224442.53139035
147,503.096161662936,234.101,257624.160151367,36583.50390625,255622.172447418
148,697.292335703479,221.536,10027234.9785,1217639,10023600.890952
149,105.960369552372,236.591,52844.9575671874,12051.4482421875,52839.9743671874
150,264.160642701679,234.101,435409.032612956,60335.953125,434940.60270982
151,445.075278585802,232.854,263336.279053486,35628.1796875,263324.998591947
152,211.018391221941,230.299,3929681.86979799,622729.0625,3929665.61236942
153,253.144677439673,230.299,435634.145481445,79022.8984375,433986.468922956
154,279.23305299809,212.823,1667891.30810462,121709.984375,1054069.69385469
155,382.083813527311,219.036,49640372.9617385,6512929.5,49639452.8539065
156,112.988042051224,232.854,2060154.87583353,219715.1875,2060139.86475661
157,199.043585699607,235.346,499013.290689344,81078.1171875,499003.2702449
158,201.149817314377,236.591,320767.303466797,61284.1953125,320326.910247803
159,206.163212536601,235.346,482943.063251953,55728.1640625,478145.102802099
160,262.14479128397,237.838,169880.470655924,32672.955078125,152934.465672782
161,270.995228949934,232.854,649341.399798227,68567.5078125,649326.388721304
162,308.296170818418,232.854,945931.970912435,115651.9296875,945918.208079102
163,339.07264427329,239.083,58359.1544207031,14856.716796875,58354.1736207031
164,221.081931933252,236.591,343119.024101562,52214.6171875,334582.754256182
165,242.176356802396,229.051,1969093.62663833,221498.65625,1936269.92073026
166,334.054736645041,239.083,107735.872575586,39003.45703125,107730.863775586
167,405.010684084805,236.591,428071.133663161,73607.234375,422069.942993262
168,141.019592202782,241.572,62008.0644257814,14492.6630859375,62003.0564257814
169,226.108585340282,234.101,421974.903600726,42457.46875,399179.242519532
170,279.013559613775,240.326,143233.985201172,37366.72265625,143227.729367839
171,279.12384925765,237.838,552709.595393466,72061.15625,552697.050848012
172,285.124620344713,242.852,205902.046324327,50719.78125,205893.301768772
173,337.330910887317,230.299,2943490.16903489,320782.96875,2942802.18292401
174,339.161725203606,236.591,270035.931084798,37065.9609375,270023.416918131
175,356.171477131447,240.326,126696.177902344,38080.828125,126691.169902344
176,413.196961781715,237.838,726963.019478338,97159.3359375,726950.474932884
177,417.203104347234,240.326,270627.477664307,40809.34375,261632.744494757
178,232.090928449871,241.572,439319.28130205,85320.96875,439309.28850205
179,275.077345100003,235.346,2665280.94347427,205244.875,2650968.47023438
180,367.156566855625,242.852,90711.7190415736,17037.841796875,90705.4661844307
181,399.090813078697,217.796,128506981.161564,18537506,128493650.383458
182,136.8631354114,221.536,1276502.49003348,101254.4921875,906092.183236645
183,163.061768219085,240.326,513219.098883138,83041.2890625,513209.10510536
184,173.118300279035,240.326,615827.036703711,50894.21484375,600730.042918925
185,185.154721241879,229.051,4529234.94741563,309797.28125,4398616.56446611
186,211.097704305823,242.852,425455.50338916,64721.0625,401163.742643619
187,235.170381721578,236.591,863151.240896312,79443.140625,672854.280880908
188,239.059879000853,237.838,1036065.28344936,119530.3046875,1036047.74544936
189,239.059838812845,219.036,813336.876165864,81565.1328125,813321.896473557
190,278.021153374727,240.326,683663.671811089,115436.0625,683653.678033311
191,386.182225838224,239.083,981826.858901884,87802.5078125,866326.119297352
192,389.162223451262,242.852,187294.802139649,36890.734375,186723.909023895
193,429.155497733648,241.572,587658.524885199,82481.59375,587648.531107422
194,223.028447539455,236.591,1064060.70018371,120216.453125,1064039.42118371
195,413.146889401537,244.098,145663.574832845,33232.05859375,145657.315666178
196,431.171318109338,242.852,292065.752472873,55991.48828125,291363.17386752
197,125.097191822753,242.852,402493.117577149,53431.90234375,402480.627577149
198,136.040435040086,245.343,311761.750378418,57203.04296875,291740.041975218
199,247.082356334243,244.098,193425.982883789,49401.5625,193415.985550456
200,353.039395848341,245.343,118227.636521094,35181.1328125,118222.650121094
201,385.178736276373,239.083,2319700.38744375,274331.84375,2319682.85384375
202,154.034854790224,246.589,413439.467745535,104263.875,413431.959174107
203,174.004466285483,242.852,1835594.95781185,314411.625,1835581.22064518
204,187.007133662803,241.572,1727463.90977219,300868.8125,1727451.41795401
205,187.097747844856,245.343,513529.595361902,80191.6015625,476286.003454405
206,251.053768394506,246.589,111450.273658854,31596.0390625,111444.040325521
207,269.129662744441,246.589,191337.333515625,42882.85546875,191331.100182291
208,277.017621062953,240.326,5199603.91560677,773895.25,5199585.15560677
209,322.149327463327,246.589,680508.380016113,149079.546875,680499.624766113
210,343.128051320886,246.589,122314.6546875,38033.03515625,122308.421354167
211,355.168306579372,239.083,1183092.20622396,119801.171875,1183074.69689062
212,139.040084983004,241.572,620126.382558838,92802.1640625,570319.935195742
213,185.034133419048,249.085,94939.2585445315,34870.640625,94934.2361445316
214,217.054039450983,245.343,365604.766735547,63827.25,365593.482535547
215,231.087487646277,241.572,4584812.4406745,656393.4375,4566808.02826641
216,242.212699497629,246.589,354920.131691602,67178.25,354908.847491602
217,266.111464210152,241.572,948736.733997521,131593.390625,948721.710920598
218,286.238903785035,246.589,686374.387424539,109627.625,686363.076060903
219,310.0806375866,247.837,243253.233066407,56651.453125,243243.193066407
220,323.119448330091,244.098,553200.181396094,89088.1640625,553188.897196094
221,353.029178626908,246.589,262565.113723999,47112.7109375,262556.320848999
222,145.111995613467,250.332,293236.4903875,76550.59375,290562.871467871
223,145.114546852365,251.621,401522.054768921,81925.21875,395256.227552696
224,237.080440740886,231.572,648849.578942058,58443.1171875,648834.558942058
225,237.080433888729,246.589,728089.599967547,73168.328125,728074.541813701
226,305.141004077724,250.332,119768.572954688,45911.7109375,119763.519354688
227,309.077149540193,246.589,1594905.27453385,218011.921875,1594895.19986719
228,316.101964242323,249.085,110014.294614649,38566.72265625,110009.241014649
229,321.122571464071,244.098,2264792.99322917,329431.5625,2264779.18089584
230,333.077208086998,247.837,253934.560375977,45108.81640625,253925.763125977
231,373.167103841739,247.837,247980.424414063,42140.41796875,247969.102414063
232,99.0813472662345,242.852,1981527.59879915,239607.96875,1979469.81254976
233,158.126769110274,234.101,6701269.16467317,947049.375,6643712.44594405
234,177.092179722697,237.838,699291.420935416,97518.015625,639248.564374563
235,180.030345966144,244.098,1496723.10392856,225475.875,1492808.0218733
236,522.109904308977,247.837,422310.13499163,54533.70703125,419283.908886021
237,145.029539462893,246.589,1510686.02908337,166589.71875,1509243.36654085
238,169.123469212824,249.085,586850.558460937,48674.953125,571212.782794022
239,172.142495812294,239.083,7203739.11018785,489165.65625,7168772.62127153
240,205.159837915084,235.346,4283194.2796282,283449.125,4214013.94487192
241,208.098032465749,246.589,1239586.45879871,139337.1875,1215534.26480657
242,230.075157632529,247.837,1845486.65949752,258957.3125,1816934.06495632
243,352.03692803722,247.837,1696964.69112726,233320.484375,1696362.95469804
244,386.169226550825,241.572,1436214.39207589,164167.328125,1436196.87207589
245,180.074797006588,254.151,226721.458965494,54216.9140625,226371.232622599
246,184.033249487775,247.837,1142484.8499126,199348.859375,1139826.22866326
247,214.051149433706,249.085,1027973.51616699,125051.25,1023766.48107009
248,273.09189401109,255.396,117825.619327734,20792.853515625,117489.28821675
249,381.080352855013,219.036,226261370.516258,30966846,226252646.876418
250,405.156935582084,251.621,162945.845700335,45120.14453125,162938.299414621
251,143.05029271442,251.621,731979.576899608,92761.796875,713305.068083461
252,273.061720917148,251.621,622402.868440348,79019.9453125,620862.759142407
253,321.145817645015,245.343,4993792.79563904,692530.5625,4993772.74563904
254,327.110205939506,256.641,156893.013533935,19691.275390625,153545.034269354
255,336.327523342384,230.299,12846121.7975435,1297827,12843406.6880525
256,131.096342311715,255.396,77573.7773337889,19200.474609375,77568.7941337889
257,167.107845282591,254.151,115602.574104771,20054.345703125,114607.398077647
258,521.106719801842,247.837,1735870.60982373,146737.828125,1735850.55782373
259,521.10660794066,232.854,475987.160214844,86403.734375,475977.128214844
260,186.049025521346,256.641,155220.059711495,38860.94140625,143282.625343997
261,265.108201408678,241.572,6995006.06259881,756313.8125,6993641.19526426
262,385.16591101,241.572,6219650.77222863,703062.375,6219628.18328745
263,176.091141216547,256.641,321799.656841309,60275.3828125,321790.859591309
264,232.054576676583,257.887,199420.340728795,39309.67578125,199412.82444308
265,264.041767289272,256.641,169467.696374349,39983.95703125,168884.447585287
266,113.02000927398,254.151,516320.428817057,101609.21875,516307.82215039
267,167.037810393866,259.135,115255.961953125,39998.234375,115249.654453125
268,201.113437546565,252.906,1141896.28313396,117146.4609375,1126792.50258477
269,208.015393334314,259.135,59876.8646859371,17358.875,59871.8054859371
270,339.11769651992,260.383,79380.0013886715,16862.818359375,79169.3625979742
271,368.068117886466,256.641,613342.624656884,92943.375,613331.254956884
272,385.075389583435,257.887,95497.7754634483,16915.181640625,95490.2206063054
273,461.219643885485,261.675,292448.083059962,46722.12109375,292112.781325269
274,130.095449228046,255.396,3330084.17759765,496719.15625,3328255.10987015
275,178.843387240078,261.675,64658.038761914,15072.1806640625,64652.977161914
276,180.840253445246,261.675,52295.7567128906,13880.4306640625,52290.6951128906
277,285.076802364067,259.135,317689.658091674,53231.8984375,317680.852966674
278,319.117857315048,260.383,71634.0041609699,13316.9638671875,71627.6933276365
279,176.843363864328,261.675,145298.274770368,46455.97265625,145290.713056083
280,185.07207305346,259.135,338581.617548611,50409.921875,338571.5624375
281,210.092573938559,261.675,109455.94684375,29487.876953125,109449.633510417
282,226.106783307252,257.887,2235824.27181701,247004.078125,2235809.15366316
283,351.033542671414,246.589,9071465.30134278,1151365.625,9052298.44782977
284,122.061188275838,256.641,462786.146950327,94097.3359375,462773.593313964
285,140.007128018328,262.965,89629.4879296873,28482.044921875,89623.1712630206
286,183.029919050679,247.837,20140342.2565682,2079910.625,20129934.6828722
287,207.012235128815,260.383,1218476.57455547,187311.609375,1216939.06143672
288,242.176367558026,254.151,2335769.17395129,372970.1875,2295004.07751316
289,393.139263256172,261.675,286115.183201952,38956.62890625,286105.132001952
290,149.097214310212,255.396,856347.123109987,90461.9609375,818419.194815943
291,156.006574830263,262.965,186215.046155135,46708.9296875,186207.479297992
292,158.911826949305,261.675,278914.907316406,47307.62109375,278904.843316406
293,160.911535328945,262.965,328020.451709767,58439.09375,328009.141409767
294,166.051029866715,256.641,14250726.0502563,2085341.75,14172353.081982
295,167.054282181358,257.887,1378410.37928919,198403,1253727.34021814
296,168.081890250894,261.675,232677.9523017,36253.72265625,230716.690129976
297,172.03334826825,264.214,204636.237194197,36186.2109375,204628.670337054
298,183.06630130473,262.965,343281.167120117,60592.203125,331184.753650015
299,223.087826725908,259.135,1252867.10995433,181991.890625,1252852.02503125
300,259.108580022832,265.463,50479.9147828126,12830.64453125,49952.970733259
301,360.131644895847,261.675,193840.746318018,34439.50390625,192625.367606334
302,367.064761598428,255.396,3329147.22258985,464545.09375,3317733.21149768
303,409.108335973232,255.396,745098.804675316,80857.9453125,729326.208811946
304,95.0135700684779,262.965,510157.031470527,83754.1953125,502682.475316907
305,155.071468532373,262.965,268771.54547461,36576.8671875,242797.571323282
306,165.040927297105,257.887,3407114.06355726,469324.84375,3386776.35634427
307,165.04093420025,231.572,2179053.64111844,219145.453125,2152848.21469317
308,179.071481936392,254.151,4057652.94043841,563366.8125,4053265.89224952
309,238.098808478699,261.675,361489.062833203,58148.421875,361477.752533203
310,241.108228653075,266.715,74554.9130197266,15130.5322265625,71959.6986588868
311,266.129965449038,266.715,63753.6391529302,16765.904296875,63748.6447529302
312,113.988962917347,266.715,223698.678409496,54775.26171875,219706.146258219
313,139.003753331445,262.965,2380761.52427272,367024.1875,2376106.22341601
314,161.072156161094,266.715,134109.699638393,31634.912109375,134102.176495536
315,163.076490806509,264.214,181292.86369585,29220.3046875,178393.402522916
316,164.10806693699,267.963,82208.8501098634,15751.7509765625,81770.0073824611
317,213.963894644922,266.715,285548.759725831,58925.91796875,285539.949350831
318,243.160343398115,266.715,178855.291782593,43445.25390625,178846.481407593
319,249.033977769051,267.963,76516.2948710937,32112.5859375,76511.3044710937
320,258.023246333131,260.383,846924.833803013,108020.6796875,846908.541088727
321,415.086332468024,267.963,60676.509415625,17710.69140625,60671.519015625
322,130.892469699819,269.208,53952.0242273433,14518.3173828125,53947.0418273433
323,144.111130218746,252.906,14458990.4330843,1794484,14404845.2130955
324,182.046061150927,265.463,956584.847928184,116860.6796875,922698.238338633
325,211.087789321386,264.214,498933.947729491,66375.6875,498920.151896157
326,283.119960994328,265.463,539529.779953479,75509.2265625,539517.23086257
327,297.135824621615,261.675,7387059.73829589,773206.3125,7386172.82245984
328,298.139235691344,262.965,1067944.40167131,120928.78125,1067928.11452846
329,135.045216581281,239.083,2458576.9735459,247850.296875,2292864.89798713
330,144.038373423659,106.183,888121.043886364,72640.5078125,888105.89334091
331,144.038344268569,266.715,379951.46984375,80195.40625,379945.24984375
332,144.038340954091,35.2003,825320.395273863,66180.4453125,825304.854946591
333,144.038359742846,135.486,1009282.04190625,76585.5078125,1009264.13590625
334,144.038348490514,251.621,1044867.00727344,80364.21875,1044849.47173498
335,144.038405652164,75.8137,1236105.83922012,69615.8203125,1236081.82227012
336,144.038355637701,186.258,1912566.88942437,86206.4921875,1912533.99630437
337,144.038403172828,231.572,1098366.15104604,77382.328125,1098347.39140318
338,144.038381828208,21.1368,1062911.7778519,63570.1953125,1062889.8054794
339,144.038343951343,48.0073,782259.74980934,68465.9296875,782244.612682067
340,144.038378754739,147.012,788759.834395312,67476.078125,788745.727995311
341,144.038388315204,216.556,940789.534005503,107655.5546875,940774.454369139
342,175.087732242516,257.887,4225230.90070769,491546.34375,4225212.02270769
343,179.04632992321,266.715,456502.683726563,68961.9140625,452408.901604981
344,196.069748589987,269.208,276536.606445312,49367.98046875,276529.106445312
345,199.09772165953,269.208,363320.036702882,55598.546875,317040.89104211
346,228.160587354793,267.963,309215.970054687,58988.01953125,309205.93538802
347,248.071870560008,267.963,323821.954110026,39529.9609375,323811.919443359
348,258.096646554156,266.715,492934.114130274,64561.51953125,492922.791230274
349,284.267649566997,211.531,24190447.8998381,2998769,23324167.1830983
350,289.087128486858,264.214,725633.593862665,60887.953125,717179.509656063
351,85.0654685275405,270.452,145398.880492187,35486.6953125,145393.891692187
352,97.0292949426835,241.572,860815.855537224,77681.328125,670952.015803433
353,145.087039410207,260.383,1632446.74302677,131109.46875,1615477.44294186
354,163.040139786961,269.208,731177.647593752,106645.3359375,705425.897762209
355,198.056165775069,266.715,502995.870195314,59152.58984375,502983.310195314
356,225.103499690732,257.887,15649870.5654241,1585930,15648285.5622417
357,240.066885899666,270.452,232361.54053125,47228.69140625,232354.05253125
358,245.129601738129,265.463,762653.249013823,115937.40625,762639.446552284
359,253.017674046479,270.452,185704.0111875,41001.99609375,185696.5231875
360,253.050764138083,266.715,604166.448862981,64650.8515625,603172.083721712
361,263.038349641974,255.396,2147773.49285157,238776.765625,2147755.86685157
362,291.997959746457,271.691,110562.144900781,42964.2265625,110557.156100781
363,141.092184356589,246.589,774031.084719778,59937.53125,739420.922571035
364,156.987610277985,272.964,207854.774631747,39063.0390625,206120.274234933
365,185.081975972625,240.326,4629147.24757767,449779,4085997.58223151
366,210.113698299823,267.963,1944993.84715309,216291.546875,1752455.27792375
367,217.0719400843,271.691,264503.631634115,59029.8125,234934.6162495
368,222.040810535643,271.691,386785.486542217,49230.421875,385696.540666483
369,241.087194953295,270.452,574649.850213867,101163.96875,574641.125588867
370,257.093353409269,266.715,4609825.98880573,460692.78125,4604309.61213132
371,155.10778764151,254.151,890694.103070573,85046.9765625,875631.264332769
372,155.107830639417,237.838,470903.780314128,49541.6640625,458720.998088869
373,155.107915378472,274.199,331029.168335157,47954.80078125,321708.18378952
374,158.061200919172,271.691,1005627.19666365,143010.203125,990083.809893679
375,171.102783633222,259.135,2080254.89800893,186911.53125,1752667.58008474
376,241.098383476036,270.452,967414.929375407,133596.796875,964121.501270839
377,241.21745100476,215.312,4488811.97528271,497587.53125,3499061.69951163
378,311.115239303141,257.887,7295091.21258985,338030.46875,7295053.66008985
379,353.15094134418,271.691,483203.241128626,79129.3203125,481620.325229728
380,112.016619659338,255.396,11012413.5507666,1537204.125,11009872.4044636
381,194.054103701724,274.199,352647.455084838,61166.87890625,352638.756709838
382,199.170461610609,221.536,15509369.739353,2111115,14658930.6015233
383,213.076955708853,231.572,2893691.37407333,136410.140625,2893662.56239151
384,213.077025781627,179.899,1728603.26639609,118872.6015625,1728583.00719609
385,213.077007971652,56.8274,2211454.12272218,113034.921875,2211423.75771348
386,213.077042137572,125.178,1903142.70654113,106498.296875,1903119.73959995
387,213.076999515145,144.502,1658313.7924875,110981.9140625,1658293.37542083
388,213.077004141279,272.964,2843863.287255,143768.75,2843832.066255
389,213.077023137186,14.4897,1789276.26135777,97939.3125,1789252.83776718
390,213.077012418185,36.4538,1444722.38811969,93688.421875,1444701.84347969
391,213.077036588402,201.443,1963893.734375,105914.9921875,1963869.66770833
392,213.077030955487,104.926,1302679.6564543,109287.28125,1302663.1588043
393,217.093907754581,275.434,495700.411605836,119108.9453125,494958.279310717
394,229.071811866903,247.837,18585920.367917,2216881.75,17492578.4133974
395,229.071786455894,229.051,6564240.88588333,871136.5625,5599216.23491927
396,195.066345335478,270.452,3698829.29678089,440391.96875,3683351.5657492
397,824.723741296799,277.904,788742.34475625,182391.671875,788737.40235625
398,128.896708254722,271.691,1269122.56178687,117077.5,1266405.35057987
399,146.126787970018,277.904,309637.130862304,46907.05859375,309170.492444405
400,204.066567565739,277.904,2240431.90421733,328671.75,2237716.43493371
401,154.990584938163,275.434,1370265.84770196,151392.84375,1368342.91973883
402,223.072551916169,281.613,447061.312511187,109455.5625,443190.647327517
403,237.043866838583,280.377,406667.232839843,106529.875,406661.018673177
404,253.095946515517,276.67,994425.367083007,181726.765625,994411.691333007
405,141.055768653731,256.641,1560594.48658023,117707.78125,1309205.39076051
406,144.044919712185,277.904,2774376.19562695,413641.90625,2759463.71172305
407,191.082748954317,279.139,1497127.23005567,217992.453125,1497113.55430567
408,201.895511599703,282.885,379171.985614956,77679.8515625,379165.767043528
409,216.090332719075,276.67,5702828.10973827,705585.6875,5701135.60602667
410,247.880844771241,282.885,189407.850197428,48894,189401.624364095
411,264.107046096105,276.67,1568076.61190015,256828.9375,1560653.23358003
412,111.008781796235,254.151,8077010.06143466,626863.5,7930012.81003469
413,140.035317779695,280.377,1138609.42392435,210505.796875,1103493.40401876
414,164.978116401189,282.885,241988.141843749,53483.47265625,241979.281593749
415,233.120834896353,277.904,8836241.16313987,1028062.5,8830116.68432893
416,277.119266204082,276.67,2745975.36706486,345443.375,2734305.31228931
417,189.113222710253,280.377,777886.479205665,136171.15625,777875.136505665
418,203.06504580728,275.434,5635425.91782118,558956.25,5635403.52182118
419,245.885112223669,281.613,2232145.5631226,307472.4375,2232131.63204567
420,117.996865060981,285.368,188280.663791295,56586.21875,187871.220458912
421,127.88888060402,281.613,375940.33278196,53953.66015625,375927.745509233
422,137.024417294104,277.904,3301929.55379626,484965.1875,3254318.57915726
423,137.951152506344,281.613,1409557.72230646,236606.484375,1376915.5424914
424,171.012179493857,282.885,916966.971684897,140023.5,916956.858796008
425,175.097676842591,286.61,332209.166003662,49633.71484375,324206.664058986
426,193.050673165638,275.434,6130592.93496654,890413.625,6108275.73695808
427,214.14497657464,286.61,168603.017717774,34067.21484375,168596.658551107
428,771.742964027537,285.368,322328.925572127,63759.74609375,304199.11811941
429,97.9123380024765,285.368,486149.098362981,65174.828125,484239.01545658
430,153.075094697102,279.139,3595671.14160983,587435.875,3572093.57533433
431,171.919112314839,288.03,149234.645742188,32098.46484375,148694.240388954
432,174.987220589442,288.03,133952.04207015,34735.84375,133945.566236817
433,212.093024627037,288.03,248893.156935425,47849.41015625,243214.103775401
434,235.090984805267,284.127,571928.112061524,81120.2890625,571914.153061524
435,348.122149393784,286.61,380947.009196507,75503.59375,380936.768307618
436,72.0529870684168,289.273,154201.749420411,42365.5390625,154195.271920411
437,103.963279321696,284.127,369269.587237571,68239.1171875,369256.858146662
438,118.059130230199,288.03,556087.415077258,104016.3984375,556077.167966147
439,135.064591363116,285.368,639236.919619851,106518.6015625,639224.190528942
440,157.014231222554,277.904,5039364.35127987,580587.125,4964239.10199054
441,159.084712228545,285.368,537085.297190625,82633.984375,537073.809590625
442,173.994815936489,286.61,319878.092285157,66762.28125,319869.118285157
443,177.066974700273,286.61,589014.302818361,134663.625,584123.35493915
444,245.093272289734,285.368,810730.791489746,88825.140625,806483.910414184
445,263.103761605828,276.67,10930912.4309102,1330403.75,10836987.1822787
446,73.0652894874945,288.03,1163308.29121981,195070.84375,1163295.55940163
447,99.0085729857961,290.516,335229.95139898,80754.9375,335219.731843425
448,116.079802313278,277.904,6932011.18175701,1100531.25,6920783.09361271
449,135.93545473012,284.127,1489523.17329883,134161.6875,1488073.13428628
450,136.048531220311,291.898,194332.700925001,55781.78125,194327.619325001
451,136.991420588081,276.67,1895971.6494399,159132.296875,1443503.24431244
452,145.123422489969,277.904,7657424.93027229,788029.75,7309004.13640387
453,215.908939953489,286.61,576682.867946289,87560.171875,576671.375846289
454,221.039135940803,291.898,77342.5177250004,19235.6875,77337.4361250004
455,293.086682866572,284.127,512483.694773926,62038.6953125,510962.228624943
456,339.074454298821,289.273,373111.774233724,62976.96875,373101.554678169
457,92.0261921302523,290.516,362026.57013086,47972.0234375,362013.834676314
458,105.97898358321,286.61,859917.909420312,133868.15625,854631.261110982
459,165.043281445807,290.516,569315.759190626,86732.15625,569304.295890626
460,169.92327545491,288.03,1055174.58477824,143534.421875,1034162.37347237
461,183.102724937786,300.75,858620.083044432,166031.046875,823608.2304882
462,213.913197395258,286.61,4158401.42902995,498373.09375,4158384.84189662
463,215.07556354701,279.139,13013312.9903326,1768725.875,12852498.7455701
464,263.086061427151,293.141,112669.847535547,28062.01171875,112451.863925268
465,71.0496204248452,288.03,4840593.96137921,787157,4840578.74630228
466,95.916502783706,285.368,3802091.16689084,340879.0625,3792128.52818589
467,131.071387875074,288.03,1510195.00030439,172978.03125,1453197.29038695
468,145.050660353862,241.572,3043993.65497049,299096.65625,2368770.75169017
469,204.059515974302,290.516,1321254.3531332,209891.078125,1286438.65038382
470,252.022068471874,291.898,535131.893156251,71230.6640625,535121.67804514
471,347.885914481625,284.127,14721963.3840691,594413.6875,13663972.6862209
472,352.065405417579,290.516,306706.872179067,44231.2265625,306694.167633612
473,367.882201571608,271.691,24207952.2536774,469895.1875,22255062.4439443
474,460.927916049659,293.141,626485.821205077,158578.15625,620154.838355869
475,134.06118598507,285.368,8486978.20175308,1128103.25,8484401.27338896
476,152.071706075346,279.139,47315820.5965698,6982752.5,46870133.3088013
477,164.054799062752,294.382,240022.996959635,55771.2734375,240016.528626302
478,171.030002172504,264.214,4750744.38800701,431005.375,4637472.25891833
479,172.991403905205,286.61,6500703.16799636,878844.75,6497397.04374403
480,187.097646243254,294.382,387863.405487306,73382.2265625,383383.784428825
481,188.083017015764,295.622,507919.145600476,117693.7734375,507555.680998375
482,214.087505471151,290.516,376310.797456055,48814.71484375,376299.178456055
483,231.051092483845,257.887,3460543.72281739,429855.375,3351688.31942946
484,265.147957001992,206.491,17902156.804082,2275397.75,16692967.4622654
485,499.005641268294,294.382,272075.837382813,58621.41796875,271324.076084842
486,138.019687775619,289.273,2992674.17945048,271606.03125,1744390.3040912
487,199.061305804959,279.139,15670565.2746241,312979.71875,15670440.2328644
488,214.072235288827,279.139,137942454.586445,19755230,137223089.253832
489,603.079078257947,296.86,428809.028662352,132971.15625,427158.460029311
490,85.0290625449328,241.572,4708485.17896515,194292.71875,4708451.29604207
491,85.0290872323038,85.9346,3860053.69860138,143285.09375,3860020.76627338
492,85.0290912416762,179.899,3755890.75355537,143791.078125,3755860.37059884
493,85.0290852552625,121.414,1347136.11667969,132176.125,1347124.67542969
494,85.029082965711,32.6943,2631662.92230552,150121.171875,2631639.82851728
495,85.0290898815026,153.373,2929706.39630208,153626,2929682.16919097
496,85.0290812348979,285.368,3828298.15571094,162697.84375,3828266.58696094
497,85.0290894300611,56.8274,422971.226707813,124095.2890625,422967.399307813
498,85.029093095146,14.4897,2110658.47379145,140619.28125,2110640.09890992
499,129.092155549444,255.396,43990908.576949,6223765,43255976.5312846
500,157.123384726149,234.101,70930941.6959718,9747613,69216658.1148432
501,165.055717121084,295.622,937262.462370847,160989.90625,930324.896930186
502,256.236453741117,214.069,20586689.7914843,2490646.5,19267356.6410394
503,394.044718587368,296.86,1492548.09395724,168680.8125,1472273.32535273
504,433.033871516951,296.86,1239989.33461649,159871.265625,1239975.11868792
505,117.055745930943,288.03,10377822.5617628,1377212.75,10183895.7745765
506,135.04522358716,293.141,4601168.39444165,587371.625,4395569.361718
507,229.035400090381,298.278,1726275.98166598,250291.421875,1726252.01833265
508,251.01862256466,291.898,5109114.97018911,466829.78125,5109094.4064244
509,374.058674530982,298.278,1540533.56119609,175160.671875,1528140.62325994
510,377.03749355039,302.046,752603.856970215,139590,752589.7101845
511,669.154786414301,302.046,690137.549151225,167501.578125,690131.062722653
512,730.091304861963,300.75,2991035.46776835,407635.875,2991025.07816835
513,79.9553034067205,300.75,1082638.58462695,192928.953125,1070983.39101141
514,120.045468922962,300.75,1057322.31690639,192299.125,1051665.99277716
515,748.102092782301,300.75,1918534.38790625,287084.1875,1918524.11057292
516,163.051406074074,295.622,6409877.52808622,930818.1875,6409858.37408622
517,192.066810547055,305.941,309664.377323437,92833.5625,302788.08833768
518,421.03634149057,304.7,310464.197509114,109907.296875,310457.648342447
519,729.088191310507,300.75,6412889.0407784,999046.5,6412876.10714203
520,747.098618872378,300.75,4662693.14674413,637565.25,4662678.96774413
521,177.024116759662,300.75,1142813.75811823,205760.34375,1140869.68809303
522,248.112248570181,302.046,1417222.07386117,219588.984375,1417207.93209194
523,102.064013995103,307.184,623762.209532554,168279.953125,621693.837142981
524,150.075355874844,302.046,575933.791680043,76501.828125,575314.224213715
525,173.08194533922,298.278,3030573.51196015,416214.09375,3021268.62839983
526,204.059381566453,305.941,1231584.32687216,255280.9375,1185193.28537883
527,228.087868029647,308.609,199720.970683594,60272.5390625,193634.805976133
528,355.46515638352,307.184,129620.556819532,31424.443359375,129615.400019532
529,356.057936327893,300.75,2372393.10364904,345329.875,2372377.6291875
530,391.004624992467,307.184,209802.94094029,64117.25390625,208709.826843287
531,407.94557564239,308.609,705573.905576822,139771.390625,691680.387956786
532,500.991153765318,305.941,346453.021599611,111027.2421875,342494.172993624
533,177.018839828374,302.046,2232083.98661946,313036.875,2230627.04922555
534,261.088027815412,307.184,273050.304432942,56725.828125,270567.749526901
535,315.099316678464,300.75,2174419.25920808,294951.375,2174403.778285
536,379.141362000454,308.609,241098.020107812,58757.27734375,239543.224464934
537,520.987557781612,304.7,1296721.68198426,112530.765625,1296701.09186661
538,161.081996631695,303.462,2976158.47872896,460483.59375,2905050.693537
539,219.08753164092,309.854,175863.02533903,57426.8984375,175856.609505697
540,377.026464751782,300.75,1751761.02641797,237143.03125,1750636.71548239
541,416.02688374902,300.75,1873954.12776086,206247.765625,1873934.90994836
542,133.087068241888,309.854,372078.47621652,103450.78125,372070.809073663
543,170.082372188151,309.854,334899.966397881,76170.6171875,313441.091576506
544,213.05584642225,305.941,917806.019956056,127803.5859375,909142.424450009
545,215.092590832812,309.854,411687.382976112,56360.37109375,378530.440688598
546,387.949550641405,308.609,742464.33200014,116494.0390625,732505.327538507
547,480.995160942402,302.046,4030610.80092311,393546.3125,4030587.71355469
548,171.113998077821,312.393,225331.194085286,43923.40625,225324.925751953
549,211.018411708467,305.941,1532989.07778516,246999.03125,1516513.68065986
550,215.836502130434,313.64,80664.1675578123,22377.84765625,80659.1459578123
551,354.963819366362,307.184,1028406.80726032,156425.796875,1022072.74580767
552,493.913398357497,309.854,735616.408849218,124804.1875,728937.891415596
553,546.896054957651,313.64,392347.106759208,83570.2890625,388989.671667113
554,159.102733989343,300.75,4298687.17894939,518136.9375,4250869.43094315
555,249.088176146589,309.854,2104479.64594531,497593.03125,2081121.3846778
556,356.048209861438,300.75,9002331.37789795,1116953.875,9002310.74789795
557,122.032871551103,305.941,1154115.97859542,118335.6796875,1072177.89319638
558,176.522598854477,300.75,10538324.901975,1172009.25,10534069.2017003
559,190.051059739609,309.854,1277096.28824976,265401.59375,1269167.04699824
560,250.026292258009,291.898,16359581.8916242,1397126.375,16359556.2884663
561,276.799194107401,314.886,316041.551017044,45221.546875,288125.588961165
562,415.023504580633,302.046,9257611.14015819,827045.9375,9246855.11590504
563,566.892946060411,316.131,152131.407623935,21468.97265625,150032.345913875
564,152.071714054276,308.609,4120584.1211182,572213.8125,3477563.59964835
565,181.941067461787,308.609,1934347.91721953,534887.375,1901357.08049553
566,247.108887264694,302.046,13501022.4325625,1389213.5,13457201.1798029
567,373.055238749893,299.514,8896314.84191201,775710.375,8896289.19664885
568,373.065624176577,298.278,5264255.96203711,543410.3125,5264230.35203711
569,376.034297961386,302.046,9651690.18713249,1008192.1875,9651662.08413249
570,460.927894466405,317.376,238436.735573941,56353.08984375,233177.178872629
571,232.117228030007,276.67,146188362.378226,16667025,146157420.820083
572,393.041768396024,298.278,9379260.52777538,832786.4375,9376622.89391824
573,79.9566994688501,300.75,2558200.81258545,308963.15625,2218849.37637657
574,149.072028320076,303.462,11101976.71141,1459126.875,11074507.4040243
575,355.055179682521,300.75,26035667.2958593,3115377.75,26030033.7557869
576,513.909989634282,311.146,1140543.57091849,130541.3515625,1135078.18091305
577,372.062984154698,298.278,45679918.6857987,4216175,45668387.6197474
578,303.765610183597,316.131,1014925.89891016,92253.890625,1014911.79416016
579,176.980613150649,323.997,245562.799710101,32216.8984375,241954.780569845
580,355.0448686087,300.75,42532085.1800324,4842067,42524235.152516
581,204.047930727199,325.241,907130.730862127,84623.453125,888532.485722491
582,223.022852161633,327.913,287552.439188477,52040.7421875,283991.355877274
583,176.020861359449,300.75,54015604.5925433,6250950,54009479.011022
584,375.031048658022,300.75,44829502.4457669,4521688,44826724.0563541
585,296.762979931682,316.131,2364453.15267188,204264.59375,2269666.57362891
586,98.0007180330283,325.241,1064301.24958008,137778.234375,1064281.76858008
587,98.0007439177542,339.354,408775.783923068,64825.078125,408764.325923068
588,156.042960902703,323.997,3406845.42557905,221326.796875,3395731.81426986
589,156.042957287875,338.107,1329740.96719258,161573.9375,1323313.23959958
590,159.054894414995,323.997,2533583.80173828,185229.84375,2532376.24739629
591,203.04447097232,322.571,10451466.9172734,765784.4375,10450707.6677019
592,203.044500779379,339.354,4403375.703931,488999.5,4402818.64741405
593,146.966200934495,345.825,69748.9063061524,11731.1240234375,68816.9126613334
594,92.0213461486871,348.329,156698.520254948,17099.576171875,153984.890636302
595,112.012126329933,322.571,5300823.03871064,437177.65625,5300801.06371064
596,112.012134468667,339.354,2222634.88946026,249638.703125,2222618.43046026
597,154.99871745382,322.571,7821843.29206398,564801.8125,7821821.31706398
598,154.998716188337,338.107,3536122.79963607,400994.09375,3536106.32430274
599,354.052487981887,300.75,232872003.396435,28035286,232819316.338509
600,132.064817662145,353.42,107787.755617493,27228.37109375,107780.181367493
601,181.941064880222,341.892,3062121.71540935,213826.15625,3023914.42547825
602,371.059588848066,298.278,218648756.036862,19452230,218613445.039158
603,738.757600182932,350.832,234627.656021485,45061.65625,196232.051821628
604,85.0267100877632,336.861,1008753.04536914,79934.8359375,988862.276452253
605,149.000893430634,336.861,1878479.77979674,101135.5390625,1859305.1915707
606,249.022769330409,291.898,127943248.546483,10776277,127820105.725349
607,91.0283377785515,338.107,1111246.51841146,77360.8203125,1107790.50252197
608,216.076547113342,354.673,136022.392905274,35530.1015625,136016.063738607
609,303.072373212336,354.673,217136.19125434,42166.3671875,214520.117477824
610,83.0245945978812,355.924,121925.373334961,19514.90234375,119242.618601227
611,202.043949026568,322.571,84029863.7406306,6430559.5,83993404.0698754
612,202.043940297648,338.107,36432293.9683646,3821835.25,36406477.6394768
613,241.07205912454,355.924,2149268.23500001,478733.8125,2020608.50746876
614,192.066759185363,354.673,575947.379878196,50382.76953125,491936.425396768
615,215.075571541452,354.673,2682136.07302059,369613.59375,2665094.81204365
616,263.049570724013,355.924,760477.778320314,113966.328125,760461.428320314
617,405.011030573374,349.58,972546.474829327,58900.5703125,929774.156292245
618,102.064022926401,350.832,836439.825265413,79650.03125,822648.795038833
619,194.082226879697,359.677,339530.432452257,92004.7109375,328673.838383009
620,124.991445332137,360.925,841266.966135603,265152.53125,841259.404421317
621,131.061490862206,353.42,6734104.67035688,280356.875,6724610.85687999
622,158.054018357898,322.571,21364230.1745087,1520852.875,21168120.6178959
623,158.054010874467,338.107,7678154.36651805,935015.1875,7546294.1711127
624,162.056149572466,359.677,621224.341302825,140998.09375,613997.11848334
625,163.033666474655,358.427,1026740.43946944,110060.9609375,1026720.10723415
626,169.050663145607,359.677,394869.836341347,59126.86328125,340758.348367627
627,231.051156847138,354.673,1263265.11278105,117123.5,1099667.76651831
628,369.043889671417,360.925,144236.653328125,54166.8046875,144231.597328125
629,140.035346437745,354.673,1364175.83407123,162809.265625,1285527.7756785
630,165.06701377932,359.677,1607180.27844141,263107.09375,1520948.9337179
631,277.083042354288,359.677,1192537.59036133,190098.09375,1181745.41658744
632,315.099058309132,359.677,4585342.22371493,605356.9375,4353550.79029489
633,251.113692475267,362.212,619535.264414063,218133.671875,619528.964414063
634,101.051111756384,363.495,126490.26586875,35990.71484375,126485.21626875
635,122.032889658144,360.925,3011054.63958496,1285973.625,2902863.45077271
636,242.076411060436,363.495,822833.146464842,149760.984375,821847.415934174
637,317.078078288521,363.495,235345.471347656,76728.59375,235339.171347656
638,90.0274243308285,338.107,7339292.7252687,327787,7195841.2943172
639,103.030971269403,364.74,222487.752843749,59828.6953125,222481.297843749
640,141.01704529411,364.74,379943.313093505,91657.8125,379935.592593505
641,148.069739913529,360.925,1405562.94278178,218733.1875,1404070.9120458
642,197.032018655831,363.495,637721.132546873,156562.0625,637712.169046873
643,194.045959564096,364.74,168193.082667132,29753.927734375,168185.370095703
644,198.024338154736,363.495,546093.612328124,113131.984375,546083.393661457
645,241.072825447481,363.495,6890857.79558332,1122969.375,6890847.57691666
646,103.02862472194,364.74,3055160.83373415,776826.375,3055150.5741786
647,147.056522772449,364.74,1027501.4122309,218712.265625,1027491.15000868
648,263.103818816044,362.212,4161550.47420452,1113355.625,4059813.87683877
649,288.099172127352,364.74,480065.926727376,96191.28125,479481.059531499
650,214.072279038102,354.673,30154756.1114423,3896292,29981334.8691632
651,214.072238969639,308.609,20085761.6893501,4463836.5,19858289.7599783
652,165.024023679745,372.47,47748.5088645835,10492.1220703125,47742.2155312501
653,174.022990310911,372.47,212153.493906738,49011.33203125,211438.649345764
654,204.124149286339,372.47,103726.424156982,15526.9501953125,103717.467656982
655,402.457524182715,372.47,79408.4822708336,15794.8994140625,79402.1889375002
656,404.072838312579,373.722,73366.6746477401,14225.986328125,73360.2639334544
657,495.172761575051,371.219,188765.492165039,33977.8515625,188756.535665039
658,191.05624867524,365.987,1087024.47263117,153837.546875,987019.844687502
659,196.02860746032,363.495,13294367.3166023,2449193.75,13284979.7994355
660,202.051096419007,369.923,621102.165191106,96299.9765625,621088.16303726
661,455.439305658294,373.722,197541.571771206,37283.5859375,197534.027199777
662,176.064663477841,378.898,93377.0641584469,25659.767578125,91511.7753030305
663,211.061340909543,355.924,2530438.03923828,103557.1328125,2300343.20587207
664,229.010155481885,373.722,167787.622601075,37879.65234375,167778.673976075
665,274.048657818144,374.973,200773.851666993,41100.16796875,200767.452500326
666,408.855094918268,368.671,1436997.8991211,92090.1953125,1318165.8315915
667,130.059083404351,376.223,213806.405211719,45373.1328125,205002.748334448
668,159.541718503747,373.722,233799.132640191,37956.6328125,233788.938862414
669,186.11370198269,376.223,295926.849552735,47663.0546875,295917.910552735
670,289.040371762856,374.973,257151.906822266,53682.4453125,257142.967822266
671,296.030610799577,373.722,168622.38159668,36885.37890625,168613.44259668
672,347.886051829511,368.671,10378917.5301224,518992.03125,9451189.47252734
673,367.882290608291,369.923,7610837.74077818,429984.34375,6802663.57547145
674,117.055790931022,363.495,1817304.96760789,160279.046875,1611569.47668505
675,141.019391125942,371.219,483949.838673828,37013.6640625,381250.871784931
676,152.071740434067,354.673,4615072.20442078,548056.5625,4268333.31979092
677,440.860601886782,345.825,22532932.877999,296637.03125,20387534.3801714
678,565.950688976397,377.473,153148.818864584,49497.74609375,151246.763747629
679,91.0217527791981,349.58,9559445.3024703,321509.65625,8582390.9482551
680,143.071401037489,358.427,1207601.80780827,132824.15625,974465.32178754
681,146.996719431491,378.898,143739.295239257,41330.8828125,143732.920239257
682,156.038449628392,358.427,1005741.48693073,157504.90625,886105.088326942
683,281.107909163998,360.925,2542094.85756963,460142.28125,2215064.75430376
684,342.072466949273,373.722,676701.984581542,73827.5234375,676685.378938685
685,353.049073743532,300.75,1134842074.72855,133621064,1134742025.28422
686,525.957869924615,378.898,348367.9748291,72755.21875,341909.456481497
687,100.040335309782,364.74,704378.816322684,92943.921875,556322.828152324
688,170.082385151823,363.495,673485.723432617,128955.5,537734.39995305
689,321.0941116754,373.722,1941195.61302461,190932.484375,1941177.76862461
690,164.035466749642,367.237,3405444.32445035,167436.03125,2140150.20307481
691,114.019666868357,362.212,1737369.30812339,290805.71875,1520591.61533836
692,199.061291174384,358.427,3609864.56394761,278993.375,3609841.69971232
693,199.061346593135,338.107,1549298.06874219,108163.7109375,1549276.37674219
694,199.061211506942,380.139,2429234.19676897,189625.078125,2429216.55176897
695,203.056265339888,303.462,20654946.4278385,3166085.75,19928623.7312498
696,203.056301849648,364.74,9216025.35498364,1917195.625,8397335.62913908
697,228.006887180106,374.973,3561387.89840257,372911.375,3549391.63882084
698,670.173344312038,385.096,576300.630800781,168427.828125,574033.277391968
699,175.061270974655,377.473,3213283.2976688,348846.625,3005081.214279
700,175.06127914896,360.925,2370478.7311857,521366.75,2160772.66605264
701,545.083275915548,383.859,847755.689649411,154006.203125,841980.140839017
702,79.9552385505138,386.332,441675.297430245,91024.953125,435189.457034264
703,81.9524161652524,386.332,153253.818198852,30168.205078125,153047.583544426
704,93.9723508029889,386.332,323447.164790178,97155.7734375,323439.713647321
705,523.101028064109,386.332,442290.589453125,84860.3203125,442283.134453125
706,210.069173144174,386.332,6753752.35228974,739989.125,6749704.76287816
707,276.052283633328,386.332,582861.313970169,126556.2421875,582848.875788351
708,315.033048245604,386.332,891461.579615233,107237.3515625,891446.480846002
709,417.137398391448,385.096,3062284.82753461,517640.875,3062272.3893528
710,440.122542166709,386.332,1689587.57584804,257805.515625,1689576.37894804
711,479.111710051624,388.84,808592.251747558,224954.765625,804389.369039297
712,294.043313361173,385.096,1043150.70308744,135543.484375,1043135.44185667
713,419.153010931093,386.332,1041444.01804297,134432.484375,1041431.42804297
714,439.119175747439,385.096,12171398.5885673,1781465.75,12171383.3273365
715,525.957755405433,391.336,362812.534359374,85285.03125,359768.948034123
716,590.27442528836,390.079,126569.361765624,28104.921875,126119.670802708
717,211.06431434848,386.332,2950418.24402741,383748.09375,2950401.73309884
718,242.075226009277,390.079,340635.833015625,47933.65625,340625.529015625
719,249.061009536573,386.332,2560859.23700453,275589.3125,2560157.99690332
720,250.053368538766,385.096,1473263.08024322,159532.8125,1473243.89430572
721,293.050941160362,387.568,2021935.20123321,253084.796875,2003623.75711277
722,459.986160646213,391.336,819607.855618598,93357.84375,818937.563964361
723,109.029475729379,357.175,13503781.0464615,642951.5,13379926.9381561
724,133.991775895041,386.332,1147581.10811719,138376.109375,1052940.96548413
725,144.066676580706,392.58,439309.685720487,64826.30078125,422476.953379992
726,165.030632069085,390.079,247971.061097656,42654.37109375,217287.827242507
727,209.064207118924,385.096,5247118.2966748,589082.5,5247095.30432186
728,270.065404953931,386.332,10848641.0459128,1291582.25,10848618.0535598
729,314.029497433842,386.332,10706785.5774394,964704.25,10706762.6416499
730,419.99374880377,390.079,2580306.13712109,195665.46875,2546243.39963463
731,451.158470515187,396.688,345970.893487792,90083.6484375,345963.143737792
732,102.027595938012,364.74,22583270.1619436,4858667,22532151.9861013
733,133.050685461877,388.84,1979250.53690592,223521.953125,1889545.24851481
734,207.087585221554,396.688,131988.820837501,41052.08984375,131983.547237501
735,210.060769875089,385.096,44726938.8632651,4864409,44726915.8709122
736,292.047457170742,385.096,28271463.2645163,2718819.75,28269589.2013076
737,292.767399234006,316.131,2415487.43921588,172429,1799616.4438356
738,320.090701057533,373.722,16103333.5302606,1622641.625,16071260.3388488
739,354.021964653056,386.332,5243213.32762016,408871.59375,5243187.89714397
740,79.9566783672167,386.332,7405823.44020909,812795.875,7092138.98677906
741,211.072446609986,387.568,783612.837895202,95254.171875,728166.954084879
742,248.057477158503,385.096,38795605.2673782,3672179.75,38794420.4102133
743,270.088587777995,390.079,654376.189805303,57329.20703125,643426.337434208
744,298.999816039613,397.932,165947.03588086,51798.87890625,165941.91108086
745,457.927340390542,396.688,286824.168139323,81594.609375,281713.455284331
746,147.066350411873,360.925,23957907.7068906,3788869,23869737.9060439
747,147.066336830933,311.146,730806.884815918,106383.4921875,664185.077143352
748,294.765199416826,314.886,3821785.00186556,278096.875,2945217.79033377
749,409.022040575383,405.531,517249.952787679,116147.6484375,511570.902542653
750,73.0289150623941,363.495,7969736.13699791,1072673.875,7094120.11093726
751,99.0449601967057,363.495,2040633.24303153,271688.125,1489380.32226409
752,209.068323919728,385.096,75017796.4015165,8272991,75012324.8605382
753,227.201827755348,217.796,10674082.4115137,1298706.125,9829576.62593494
754,271.072794592241,392.58,1553446.92053333,183165.546875,1533238.46434904
755,304.06089350789,400.412,414347.934033054,96910.265625,410914.537652532
756,278.021168106975,399.172,1353398.67815838,189383.171875,1353385.75452202
757,411.18892678859,404.295,614301.213254045,130339.7421875,607253.740209587
758,91.0397529845057,381.386,13142822.2646574,322271.59375,3331284.08444044
759,101.060642744762,350.832,16147899.154918,1405028.25,14407338.4026012
760,101.060631534395,307.184,14362526.8841668,3437407.5,13040054.9084603
761,126.017243771814,260.383,5999174.07569687,592867.0625,3595091.56445112
762,127.040018700483,401.648,8940051.01407165,501417.15625,6507544.92885671
763,137.035669924117,395.254,3276626.12523987,365228,2180789.04147064
764,171.06641498091,17.1865,5194703.47890951,129690.703125,5194654.24966303
765,171.066411017956,162.203,6515631.70892769,162734.65625,6515575.71432304
766,171.066413991599,357.175,4641869.27486133,254387.421875,4641837.432153
767,171.066409619855,286.61,3062297.9034375,181338.890625,3062272.55606908
768,171.066400401356,78.3657,1505694.30863234,132560.328125,1505680.41574234
769,171.066442879647,400.412,3506385.4984809,209426.578125,3506353.13736979
770,171.06639476481,203.991,3510042.40830061,140464.953125,3510012.10464844
771,171.066427745166,104.926,1632390.89021591,150436.359375,1632375.69265227
772,171.066403239861,264.214,2683225.39955556,162748.046875,2683201.62
773,171.066431128366,392.58,538925.919328132,167497.71875,538921.908328132
774,171.066386547603,227.805,2141115.4501875,147891.453125,2141095.40752083
775,171.066403395586,307.184,2055832.63299292,165987.578125,2055810.81880542
776,171.066398935153,56.8274,1493134.47022031,129632.375,1493120.53432031
777,171.066401262109,92.2949,1495562.9942318,125279.1171875,1495549.0514018
778,171.066420071297,118.859,1930674.97950962,126845.765625,1930657.27058654
779,171.06637555847,242.852,2034261.20830357,130074.7890625,2034242.39401786
780,171.066396867624,329.157,1767855.1132457,119751.03125,1767834.51697903
781,171.066422322044,381.386,2060564.09867253,174074.140625,2060547.66125586
782,242.080395321947,404.295,2798715.23984809,362450.5625,2756977.5024318
783,243.087206628823,404.295,6266898.02251289,654651.1875,5513750.61403535
784,281.248685427276,212.823,7883103.20640821,773980.25,7011864.79191934
785,321.00945076334,404.295,697259.992925261,119027.65625,689136.23385831
786,326.069150971495,404.295,1653139.0603113,271276.0625,1647134.27403542
787,369.029508266662,404.295,1833539.484065,286598.9375,1827018.58835529
788,154.08743702956,354.673,1954142.10590625,147845.875,1954121.92990625
789,154.087454489661,392.58,3029953.21109463,117978.703125,3029916.36809463
790,154.087386160775,309.854,1175465.67626404,95372.875,1175443.86207654
791,154.08747708838,340.602,1089379.09597585,106443.515625,1089363.67488494
792,231.11390580365,276.67,1070218487.33586,120544736,1069876792.88074
793,505.155541251139,404.295,607693.556742192,185098.203125,607688.473542192
794,151.051189262938,404.295,622395.012045202,139871.90625,616250.934327867
795,79.0377492911695,405.531,194532.424225585,36247.40625,194525.946725585
796,233.054412230105,404.295,622637.894896267,122804.3515625,622627.680674044
797,277.017633487491,400.412,11401252.4128674,1197779.5,11383563.4094548
798,278.062932673419,404.295,2016078.83047378,244912.28125,2015300.45583971
799,308.058601084102,406.766,253330.244362196,55872.9296875,252091.858199418
800,364.11535467256,405.531,1268103.44542759,274803.8125,1268095.71828474
801,450.155403076818,401.648,5826693.06747918,648535.0625,5826671.17903473
802,453.011510343698,405.531,386590.36390473,74068.4765625,385676.026976704
803,124.028928809979,405.531,3070190.43779297,584475.25,3069842.07706427
804,124.031338795337,405.531,967575.112857031,174021.546875,967563.553257031
805,452.170808787698,406.766,547691.734348858,148161.21875,545595.50202054
806,123.021935297336,405.531,2670620.59927214,445077.65625,2670606.3799388
807,127.042340798208,403.061,1041188.70261998,136996.5625,1041171.81190569
808,156.030407308566,410.663,277793.156380737,49039.89453125,257408.598632217
809,244.090294718375,409.421,88467.9397382812,23886.22265625,88462.5973382812
810,484.177028158116,404.295,6666944.16302405,950457.625,6666928.69594713
811,78.034330909439,405.531,8236718.46225448,1262268.5,8236258.69781768
812,94.0295082169784,405.531,1816779.03058734,339348.40625,1785150.9209654
813,250.094540258968,408.181,645817.690241271,105205.109375,639864.825035371
814,286.076267313988,404.295,2108317.88233451,287023.46875,2108299.73646784
815,288.09196375954,404.295,2039487.4545401,236724.03125,2039469.30867344
816,307.054892673849,404.295,4470427.8565088,599228,4470408.4596338
817,309.070759352824,404.295,1678662.68037474,207931.109375,1678644.53450807
818,325.065513125833,404.295,16317140.1970285,1789971.875,16311984.8748674
819,395.157406116054,406.766,621768.935876503,158117.8125,619157.543313874
820,483.173439626621,404.295,32223385.4138586,4352205,32223367.2679919
821,580.957938390872,409.421,346160.059220843,76918.515625,340760.013425007
822,279.056686968795,404.295,6528669.00795296,730514.375,6528647.06695296
823,303.057566243963,404.295,8427032.39337686,914824.5625,8427010.27737685
824,415.135942011009,404.295,1615341.24883465,165547.140625,1615321.84914715
825,126.032693015574,404.295,8147311.65574841,949990.4375,8147289.53974841
826,262.093195313225,413.444,98477.9827451171,24845.931640625,98471.347745117
827,264.068206440173,404.295,4818807.4665586,507480.15625,4818785.5255586
828,298.070140826968,413.444,91392.2394628905,15574.4970703125,91385.6044628905
829,305.082349063903,404.295,1377005.72268121,168248.09375,1374836.96609543
830,325.088946083181,414.696,324342.968633984,62684.765625,322090.510366369
831,437.93080313315,412.016,509881.987997513,77176.234375,504426.325696626
832,255.08828230255,413.444,364238.37858789,47921.796875,324061.451017133
833,288.107323247715,415.947,61039.3630379463,10888.947265625,61032.8444665177
834,347.047410236358,404.295,7289391.31305953,794254.6875,7289369.19705953
835,613.800010221385,415.947,87255.9887253905,15971.779296875,84298.9208198947
836,457.927286214422,414.696,342212.529533204,78439.671875,335169.39043809
837,162.042250441842,417.383,177759.554777343,38037.77734375,177753.139777343
838,165.078136476719,417.383,117265.81597705,30375.013671875,117259.40097705
839,167.082612146515,414.696,121963.243628703,19195.62109375,120199.204664276
840,293.088017647301,417.383,184798.743047851,45262.63671875,184792.328047851
841,579.810336695187,417.383,241286.463467685,40051.8125,232531.28282411
842,109.051903790848,414.696,351846.063239784,52173.64453125,334809.868844525
843,132.998873808382,415.947,503999.365695312,82472.4453125,503988.933695312
844,187.024947352391,417.383,248968.138375195,36156.76171875,248956.458175195
845,287.103842598251,415.947,719674.336179687,120870.0703125,719663.904179687
846,131.001778836177,415.947,1575061.45708167,247081.390625,1575048.35344531
847,152.083003213722,418.635,479595.392865723,47497.44921875,448194.080471547
848,276.033628173561,421.142,130674.711232031,34011.0859375,130669.549632031
849,277.059609666245,404.295,20187327.4587403,2285926.75,20187305.4756153
850,284.087212598615,418.635,167651.878384399,36835,166370.341046229
851,490.913074958673,412.016,698868.320440342,115152.328125,686960.587439147
852,116.043441307621,418.635,293432.83778726,47339.97265625,292714.539934679
853,208.878316260544,422.399,155330.000033203,41197.33203125,155323.578366537
854,230.067695263834,418.635,303783.619161783,41974.6015625,303773.268050672
855,248.891914910739,422.399,231438.386795573,59432.4765625,231431.965128907
856,344.792138368282,422.399,202698.104524049,42129.4765625,202690.183774049
857,146.962573574594,422.399,140132.156572632,30749.091796875,140124.223822632
858,169.025544740508,419.887,565057.240300781,107819.09375,565045.468300781
859,263.064893577648,404.295,49029714.4834385,5316082.5,49029691.0664973
860,268.924441544532,418.635,450458.305226863,51960.9296875,392864.851678
861,283.083696920129,418.635,1747416.24757617,183248.578125,1740223.92694339
862,285.07285446644,404.295,18112587.470916,2088168.5,18112564.103916
863,287.08852167004,404.295,18090399.7269874,2174188,18090377.7438624
864,310.87782576659,418.635,479358.288339619,49582.68359375,456239.013183045
865,342.794227879489,425.089,149216.919421875,38933.25,149209.009921875
866,373.115411966146,415.947,630359.359924387,71712.546875,630342.327138672
867,114.056050341814,415.947,486498.465328435,40206.3984375,431018.113684418
868,126.03894945635,404.295,59699943.5212115,6355244,59612994.6138019
869,127.001306593136,425.089,183673.052242579,59546.1875,183667.610642579
870,127.051257293238,404.295,9762527.80786964,953102.75,9710682.51505244
871,158.96434512215,423.835,132054.361756775,28277.923828125,132045.120881775
872,210.87637038323,422.399,239868.223424317,49325.53125,238665.334797238
873,242.086397420455,404.295,48930947.359638,5664567,48930923.9426968
874,304.078820883363,405.531,12979788.0171148,1157598.125,12979754.2641148
875,401.369706708041,422.399,558603.30255382,67063.9140625,549402.537679905
876,123.028109582899,405.531,50789055.33378,7816960.5,50751792.444474
877,136.991337368964,405.531,1926267.636091,217948.375,1398650.15459262
878,156.966154633299,423.835,386966.269672526,59071.19140625,386955.782561415
879,201.040570037098,322.571,957090649.714521,73666888,956167496.449775
880,201.040573103027,339.354,412066025.558397,41810332,411362775.995257
881,257.857055422534,423.835,1187038.86073144,150704.75,1187026.95013144
882,355.873109683477,422.399,835732.304707894,79536.296875,827572.318841978
883,824.726741157674,421.142,2212776.5821875,208152,2212759.38690178
884,111.045154963269,358.427,2460639.25378564,265366.4375,1779289.48839009
885,159.029924521226,281.613,3948250.74917222,284211.15625,2622329.06192185
886,159.02994697808,363.495,1673555.01739621,222679.25,827051.704149739
887,168.92396955907,423.835,729217.912754068,78819.6875,729203.500920735
888,171.139138493335,237.838,77629798.9141169,4187699,70887515.6867246
889,208.064934239118,385.096,1010315320.90459,111456896,1010245045.87554
890,244.895574394905,423.835,2223596.53693857,275233.03125,2223583.38148402
891,246.89376526542,423.835,1899973.50731152,245830.234375,1899959.09547819
892,253.861403389344,423.835,2685656.10663574,312919.78125,2685641.69480241
893,255.859365394826,423.835,3067280.91679327,369936.5,3067265.24848557
894,367.882168862576,422.399,5896165.09504395,419135.3125,5253366.77884204
895,612.797207647038,422.399,4799187.20433907,270572.875,3778683.80011679
896,89.0126604961961,426.524,762335.077834472,184177.109375,762325.881584472
897,157.961047090638,423.835,4792078.93840401,582089.4375,4792062.03097544
898,166.926549040467,423.835,3250172.31087499,296316.90625,3250155.40344642
899,347.886009765004,423.835,7025772.27300825,460360.25,6291198.70915842
900,143.10774955312,252.906,165803218.0115,20633160,164312241.373011
901,155.962940657811,423.835,10536476.5419725,1276340.125,10536457.1563475
902,164.928583127513,425.089,5982174.23645935,492342.6875,5978510.51576372
903,112.98558874551,432.886,848616.97085212,189720.6875,845601.237403758
904,117.034449968917,430.418,1040290.93383334,232529.546875,1040284.60216667
905,170.996714448994,431.652,1186670.45236875,266223.53125,1186665.50996875
906,120.053538268446,430.418,4499523.47946023,785758.8125,4481165.61299843
907,165.046882529189,430.418,2731599.77175469,555490.9375,2714176.01112203
908,265.964887909465,432.886,426713.111974431,147841.890625,426042.370660447
909,332.114478027456,432.886,771931.032179688,232161.46875,771922.223554688
910,165.043940995776,430.418,6082462.18620264,951801.0625,6074167.85376752
911,231.062183272382,434.122,927607.726052458,290548.4375,927600.165195315
912,241.083086266333,404.295,446348280.279619,49097820,446205261.90769
913,275.103974025855,435.356,278379.979197917,65439.5234375,274373.318698053
914,88.0117125506139,427.944,4946241.98971967,769841.4375,4906804.61954585
915,110.975733390858,435.356,885207.189044272,187170.03125,885200.867377606
916,171.074052174368,436.591,399974.438137498,130411.90625,399969.356537498
917,236.054194459318,436.591,575674.151835938,167976.84375,574317.560382138
918,506.831319457491,435.356,1103626.8140625,188859.671875,1103619.2540625
919,231.044559134711,436.591,403673.746215403,93482.625,403666.183643975
920,234.038431941245,436.591,393625.851798828,155105.53125,393619.527632161
921,296.012725677552,436.591,409754.206063151,107187.140625,409747.881896484
922,379.154473946207,436.591,610861.775642576,139084.28125,610854.094142576
923,170.073563998913,436.591,2214268.22457557,296028.65625,2212711.3254939
924,191.051988542615,435.356,2262086.72662305,402148.125,2262075.44692305
925,206.040345015218,435.356,2042946.49216328,312262.96875,2042935.21246328
926,274.030974825276,438.002,577000.029823243,159805.53125,576992.483323243
927,338.14420644627,436.591,2800990.42305469,432264.0625,2800981.61880469
928,169.063853623177,436.591,4466118.76087499,624056.75,4466107.32187499
929,337.140745737694,435.356,19202973.7666737,2909122.25,19202958.4399044
930,344.129975609205,436.591,1777530.6320664,201641.265625,1777519.1930664
931,346.129686140663,436.591,1353353.43006499,176109.53125,1353340.75097408
932,122.061098736624,435.356,2340975.30478215,320913.59375,2336211.91808019
933,138.056063114146,436.591,6442057.4178203,933746.1875,6335664.39825485
934,151.059377310465,435.356,4859823.75500977,708811.875,4841797.46411158
935,170.070350427722,435.356,5137749.4351662,816440.25,5129304.96393671
936,204.043270683953,435.356,6342329.35392287,806462.125,6342315.43342287
937,208.05930138511,435.356,2068265.060201,350610.6875,2068252.37929191
938,252.049016406413,436.591,3140402.65874166,467738.40625,3140389.97783257
939,345.126362943163,436.591,8247456.24158205,971771.1875,8247442.32108205
940,108.045237465716,436.591,2421516.87013411,335147.96875,2401602.51742267
941,166.050983329744,435.356,16450364.2199531,1825492.625,16338275.1540579
942,167.054292153849,436.591,1551808.49641809,232208.921875,1296893.34452133
943,186.040919833583,441.714,134326.30345,38960.625,134321.20905
944,230.041060999925,435.356,8157835.22960547,1088863.25,8157817.4197388
945,246.080194056708,443.128,166062.3632625,36789.32421875,166057.2688625
946,305.055572638157,443.128,512262.6359,113473.3203125,512257.5415
947,371.027362033058,441.714,373315.409687499,112385.6484375,373309.073020833
948,110.958037054732,440.475,762956.104702146,171832.34375,762947.100952146
949,113.026484432018,445.606,203889.845871338,32696.521484375,202510.720256661
950,125.000918076803,441.714,1586295.30502929,300888.96875,1586285.06058485
951,164.00249105831,441.714,1345520.55963542,219410.78125,1345510.30985764
952,245.076837166506,443.128,3228599.570625,647091.4375,3228590.715625
953,369.130702036132,444.367,324995.359528126,82801.859375,324990.233128126
954,414.123781530433,445.606,162191.95183125,34248.0859375,162186.82543125
955,471.155550805468,444.367,1275726.59272656,338780.96875,1275718.97786942
956,265.062948391638,443.128,4264334.41049725,880488,4264322.91479725
957,312.053754735573,445.606,489184.68407769,96421.7109375,489175.846966578
958,334.035709928576,445.606,241103.619770507,73148.1640625,241096.014770507
959,395.0062464892,445.606,259804.010273437,80412.6484375,259796.405273437
960,411.105134292519,445.606,287951.426728793,76375.3515625,287945.077443079
961,231.038885842379,445.606,439280.776712646,98572.3125,439271.910337646
962,244.084422256484,443.128,8388050.66037499,1681691.5,8388036.66929165
963,274.076320093694,445.606,1086253.87588903,159801.953125,1086242.39025266
964,317.036705173888,446.881,152117.075955468,53456.42578125,152112.083155468
965,381.142011501969,445.606,595745.444002196,132965.890625,595736.577627196
966,413.120709438458,445.606,1866713.52310137,362367.84375,1866703.28230137
967,438.155451220682,446.881,392241.202317709,87778.453125,392234.968984376
968,141.055838463982,445.606,876733.358530539,147202.84375,802527.611541493
969,228.064916288809,445.606,1440536.9034082,212672.953125,1439618.59465338
970,230.075285153145,448.122,434408.682033936,70799.453125,407298.036943453
971,295.054961002389,445.606,1302003.74989583,205823.015625,1301993.63522916
972,308.991952296698,445.606,578399.235749248,78459.8828125,576946.424251544
973,355.014043777129,445.606,1215858.07473763,229670.609375,1215847.96007096
974,396.141383656788,441.714,2024807.74207568,406783.09375,2024793.75099235
975,456.146028358761,445.606,3916888.140125,711559.4375,3916876.785725
976,79.0296477727067,448.122,553762.251295758,129969.1484375,553754.615010044
977,124.017025724552,449.364,296775.879257813,72294.1328125,296769.487591146
978,201.028401777699,445.606,1200622.88388459,184983.265625,1200610.12206641
979,264.047546890768,445.606,1227605.22597692,178866.125,1227592.46415874
980,291.06667199581,446.881,530196.511094461,84988.5234375,530183.749276279
981,293.03950540647,445.606,2415216.38935725,330956.25,2415203.62753906
982,329.082437767145,445.606,1063579.36403906,133439.875,1063566.60222088
983,333.032090022753,445.606,2708043.27170313,415532.53125,2708030.50988495
984,397.172865401995,445.606,824478.868105794,85482.0234375,824466.139772461
985,401.120406517499,446.881,920572.454104687,164404.640625,920562.213304687
986,460.978378056999,445.606,624785.918836816,118051.6171875,624774.397936816
987,95.024853777211,448.122,1654704.5952041,304381.15625,1650236.44553681
988,112.017102874937,445.606,4126571.18628531,570740.125,4126555.93982377
989,125.024303358753,448.122,421494.28887486,78773.0546875,396614.30605517
990,183.029998927468,444.367,1626077.55104799,249616.234375,1609141.87685513
991,250.052815967188,445.606,2159778.69937915,352595.84375,2159764.69179582
992,265.041250671036,445.606,4744669.59845853,590554.6875,4744654.35199699
993,289.042063996726,445.606,4572181.66418509,677876.3125,4572166.41772356
994,306.993966129893,446.881,823731.317558894,81289.5625,823716.071097356
995,455.142431984067,445.606,20171089.4129159,3167774,20171075.4053326
996,113.06086371263,444.367,931537.280254807,134373.65625,749023.157234826
997,124.023348631424,448.122,3071692.88874662,538431.0625,3071680.11965572
998,163.061350350981,449.364,1009735.20169167,102453.3125,938550.673970895
999,167.046275730296,451.854,524421.583462491,123707.546875,478173.051872246
1000,190.048624104826,435.356,27239798.8081304,3712922.5,27231891.3202122
1001,243.080985303214,443.128,79370338.0461915,14874756,79369182.5240597
1002,271.057357798588,445.606,3743068.86029206,489555.59375,3743053.60921514
1003,273.073063890577,445.606,10919385.122808,1424027.25,10918086.4902679
1004,297.060479194029,454.519,172656.676820313,43240.69921875,172650.245391741
1005,311.05012357998,445.606,6511361.93589229,918124.125,6511345.44632086
1006,311.134864660372,449.364,217100.216379394,24403.51953125,215138.213229114
1007,113.035701848892,445.606,4324769.30293555,535176.3125,4247821.26117995
1008,185.082059285428,443.128,1278521.88237463,145775.203125,962817.810576755
1009,225.014810675101,453.276,114103.390957031,22726.162109375,114096.920957031
1010,263.044177547502,445.606,14195621.2803562,1626543.25,14195602.1113562
1011,287.09016280699,451.854,808213.150135042,180814.578125,808205.430706471
1012,249.049477507,445.606,23510438.8293135,3329605.5,23508702.22017
1013,257.078056967689,453.276,1006554.25986768,158821.25,1004043.92697609
1014,290.063249722344,445.606,6955248.43182275,717473.4375,6953974.27148969
1015,309.060639661807,454.519,316994.37932701,68440.34375,316986.661612724
1016,94.9900934824371,455.76,533429.922167688,125944.4375,533422.207024831
1017,143.032356797394,457.128,202279.354720312,60529.44921875,202274.288320312
1018,153.06696181807,438.002,1304969.15069775,162792.234375,1244291.02184847
1019,237.098121223117,451.854,1143436.0316582,199639.34375,1141685.36162873
1020,328.079050760361,446.881,9619606.74939843,1142410,9618490.95263343
1021,80.0262335628269,457.128,184966.161650065,63268.10546875,184959.849983399
1022,123.036167683684,457.128,212238.901669922,69436.1953125,212232.590003256
1023,140.043489656661,457.128,341838.668436198,85553.53125,341297.701621318
1024,153.044286962335,457.128,296485.784907813,81109.25,296480.720107813
1025,185.022028077217,454.519,1386430.67303047,234627.453125,1386419.21783047
1026,214.017931214485,457.128,127109.073459571,32841.55078125,127104.008659571
1027,228.070905131538,445.606,20513514.5086276,2647159.25,20510327.8590183
1028,375.131255269746,453.276,1062108.55184473,112475.6015625,1058955.99017484
1029,392.909529328876,457.128,467699.618367188,102922.8515625,467693.306700522
1030,397.113110220927,454.519,709871.430371875,98106.640625,709859.975171875
1031,445.891133076569,457.128,398161.32094085,81492.1640625,398153.610083707
1032,91.0185680109518,458.368,282234.123653645,78590.6484375,282227.814486978
1033,105.044199976273,455.76,1031527.59184657,186003.4375,1031517.38562435
1034,107.01379647256,458.368,707262.047926336,151320.109375,707254.493069194
1035,109.056857422358,458.368,213193.762401227,73598.46875,213186.207544084
1036,110.0328344714,458.368,1037999.54298047,234979.015625,1037990.58648047
1037,110.037317010732,458.368,188562.291732421,82426.4375,188557.227732421
1038,112.048522342207,458.368,430188.317021484,69785.1953125,430179.360521484
1039,123.0087782653,457.128,598424.911420898,104444.0078125,598415.954920898
1040,124.016496955178,458.368,209731.013921874,74366.421875,209724.704755207
1041,145.986282732378,459.609,149642.352744141,28916.06640625,148558.544887554
1042,164.043453295146,430.418,110711373.89127,18377112,110701177.468561
1043,164.043514042125,454.519,8647664.02978154,1270332.25,8635733.51507549
1044,197.045633217161,458.368,1084160.1611914,204000.484375,1082106.15075166
1045,278.986221032323,457.128,1172609.6069733,250878,1172599.40075108
1046,287.078483860529,454.519,784820.730272725,131166.328125,784808.032090907
1047,318.978917442552,458.368,652392.364646484,142190.65625,652383.408146484
1048,339.927260946592,457.128,927558.283456054,193838.546875,927549.326956054
1049,359.923294137722,458.368,449979.641812499,186446.078125,449974.577812499
1050,384.950695747139,457.128,1118807.34009961,207393.90625,1118798.38359961
1051,424.943148943648,457.128,558352.809452636,135395.953125,558343.852952636
1052,490.914319505608,457.128,557412.951728027,96222.2265625,557403.995228027
1053,77.0391171576213,458.368,1914557.66735547,347568.09375,1914547.43535547
1054,81.0340921924124,458.368,1659835.79283232,330076.09375,1659824.31153232
1055,83.0497745888477,458.368,1886690.2959625,312301.15625,1886678.8146625
1056,104.043277519167,455.76,6235709.53013034,1183837.25,6230316.99695556
1057,109.025153871884,458.368,1200696.60443994,210180.34375,1200687.77656494
1058,115.006801435874,459.609,162203.802517969,56210.39453125,162198.812917969
1059,136.016591599607,457.128,1387259.70347852,269755.75,1387249.47147852
1060,138.027879575162,458.368,286368.121233399,69070.625,286359.168233399
1061,139.035676084592,459.609,239065.427783204,74867.0546875,239059.090283204
1062,160.00006243366,459.609,793531.130966518,160901.234375,793523.548680804
1063,161.997113645407,459.609,238165.658745118,55414.2109375,238159.321245118
1064,174.025388859979,458.368,1503150.27962915,368939.25,1503141.45175415
1065,180.978781975034,459.609,270494.766254883,64127.0625,270488.428754883
1066,219.027467161353,457.128,911795.855037111,198522.390625,911785.623037111
1067,256.895189094509,459.609,770533.426267822,146221.265625,770524.598392822
1068,258.89254696949,459.609,825352.271250002,246029.046875,825345.933750002
1069,362.128163979028,458.368,605957.663063232,122860.6953125,605948.835188232
1070,79.018406851046,458.368,1219702.66250852,219422.734375,1219689.93887216
1071,106.042318267135,458.368,4071980.70945987,840105.8125,4071967.9858235
1072,138.032249589945,458.368,4184438.52224325,716178.6875,4184425.79860688
1073,213.014579713625,458.368,2787693.46875,514435.53125,2787681.99375
1074,247.929332534769,460.85,277962.522851562,65727.78125,277956.292851562
1075,275.077333738214,459.609,1373730.13106445,281607.15625,1365921.05596087
1076,92.0264452401336,458.368,1098078.89051553,211696.296875,1098067.57841553
1077,95.0135694541734,458.368,2121309.99880298,390200.1875,2112112.99250783
1078,108.053520942548,458.368,8714869.71442385,1462666.75,8713624.4229779
1079,202.946360206662,463.365,106452.500321876,23510.103515625,106447.511521876
1080,679.080293365256,463.365,301267.824725002,81933.6328125,301262.835925002
1081,137.024399081816,458.368,4816456.60778516,847189.3125,4707940.8215426
1082,152.043431573771,458.368,5719168.3375601,974956.8125,5718684.96322685
1083,160.993778621285,459.609,6159072.00284377,1102126,6159058.03834377
1084,173.021986801013,458.368,16556629.5164942,2820354.75,16556613.0584942
1085,330.05044729337,463.365,3621157.45988802,699341.25,3621148.73555468
1086,477.97332080529,463.365,427185.461135745,98248.1640625,427179.228635745
1087,497.969989969195,464.604,267392.079557812,68105.34375,267387.089157812
1088,508.973591420685,464.604,143221.261094531,44068.58203125,143216.270694531
1089,658.101210658174,464.604,206162.218117969,61117.93359375,206157.227717969
1090,78.9570785606809,464.604,371880.800480468,72513.7890625,371052.792246601
1091,78.9584130597899,464.604,679084.27568359,142655,679078.03818359
1092,112.023386372304,445.606,24534402.4360737,3211154.25,24369740.1349623
1093,391.023320784664,464.604,221766.24041183,50776.63671875,221758.760983259
1094,396.032992732059,464.604,526671.353027341,140328.3125,526665.115527341
1095,406.435152278924,465.845,392014.963316699,83814.6484375,391673.366642749
1096,444.987536039072,464.604,334249.734338728,93494.3515625,334242.254910156
1097,539.973347429542,464.604,142429.772327149,60125.91796875,142424.776327149
1098,285.097816274641,465.845,119350.771249316,26799.91015625,116788.315228998
1099,351.031272523561,463.365,2106220.83190885,419345.28125,2106210.86124218
1100,434.009407787488,464.604,737541.201740234,168447.1875,737532.472740234
1101,455.991884923965,464.604,1625618.29663411,332896.625,1625609.57230078
1102,158.996685953592,459.609,19473035.7222037,3629972.5,19473016.7452037
1103,390.020004617844,464.604,3583142.21386118,590289.9375,3583128.46555348
1104,561.956550011282,465.845,310457.678575056,77653.53125,310450.181146485
1105,122.032860393076,458.368,11722423.425375,1986632.375,11660893.2306076
1106,492.402942363924,468.335,288154.66246875,78393.3046875,288148.426635417
1107,139.01500975443,473.376,189038.117326059,28535.5234375,183255.727482824
1108,153.038689325465,470.837,73361.9957369789,13773.208984375,73046.5082768746
1109,439.42043719662,467.088,402879.538872337,82851.3359375,402868.274963246
1110,108.021603133971,458.368,19699880.1248438,3481060.5,19650650.1327718
1111,109.029446471386,458.368,17222958.6128902,2830614.75,17140300.2150702
1112,210.113645072697,468.335,519939.427358316,94563.5234375,461790.884766738
1113,276.087733038869,472.087,55720.2223476565,11679.6025390625,55713.9373476565
1114,611.956171272214,473.376,47367.9769621096,10629.341796875,47362.9433621096
1115,222.070188984639,473.376,100961.212998633,35261.0703125,100956.145798633
1116,234.934049185548,473.376,42591.9784671875,9464.25390625,42586.9112671875
1117,256.092140493299,454.519,5868117.93969996,631829.125,5862548.11560893
1118,271.082278967694,467.088,400830.159484863,72301.21875,364866.035209823
1119,329.049364568609,463.365,32681699.2123957,5871914.5,32681680.3553957
1120,350.027466582873,464.604,21516735.2512307,3563270.5,21516716.3942307
1121,139.040077331721,458.368,6040437.73287892,948472.5,5987081.20306034
1122,139.040178514685,443.128,2252058.83923176,343022.6875,2220134.83229133
1123,188.092860529651,474.627,74753.0998273112,11636.6435546875,72972.6830570897
1124,191.092699993421,475.877,80146.6750941407,27146.78125,80141.4926941407
1125,242.103569546176,473.376,366959.108723116,34308.78515625,324199.060517413
1126,665.777553983409,477.171,159712.767029688,33039.390625,159707.584629688
1127,693.761746259785,475.877,146777.980249783,27149.4140625,143606.05196234
1128,117.055755460387,467.088,587058.074727051,84059.7734375,509491.922897487
1129,140.035389812025,470.837,1074343.55706641,125924.625,1042250.79778125
1130,282.117925965752,479.854,126027.326672363,26864.4609375,126020.88583903
1131,217.069213688912,479.854,288554.207556641,56010.359375,288547.617556641
1132,220.080932380332,479.854,223507.940604689,55764.44921875,223502.649404689
1133,241.092279421494,479.854,54857.277294922,9125.732421875,54850.687294922
1134,152.035368304642,470.837,2062055.49687854,238695.234375,2062035.23087854
1135,158.045955103464,475.877,870598.10782073,49787.40625,753911.230348399
1136,196.090816841015,479.854,352456.53600293,63897.96484375,352446.173336263
1137,356.90379515599,481.103,68114.8673063965,20292.64453125,68108.3148063965
1138,652.789065926146,473.376,397779.66076967,34993.58984375,380064.815664759
1139,210.08094566861,481.103,586948.563674908,41345.83984375,586925.465885434
1140,281.114410709364,479.854,1236808.07948068,162331.953125,1236792.51805211
1141,498.104927936074,483.785,385361.59985688,76793.9375,384879.608193818
1142,640.780135743583,482.356,109609.64277539,26600.01171875,107600.613101362
1143,219.077585148317,479.854,2489470.81823225,388666.0625,2489457.91550498
1144,255.088840653845,454.519,43753057.2906319,4684311,43723042.4388191
1145,268.924413179828,473.376,580244.537980828,40708.203125,539103.989505027
1146,497.603409332796,483.785,1022473.56284735,146260.1875,1010630.69373715
1147,111.008807172781,485.034,4419666.37513135,789512.9375,4362403.70193348
1148,150.017310339532,485.034,465479.987928015,135260.03125,465472.155356587
1149,150.05603895141,435.356,57164847.3270882,7115618.5,57038099.2800472
1150,151.040057801563,458.368,68572023.9265282,11405910,68429994.9383262
1151,164.035484506181,457.128,3340746.25942031,582332.5625,2924210.72362494
1152,169.069945886431,436.591,117417044.727882,14994837,117403010.924231
1153,169.070054728667,479.854,3436260.20809167,255425.421875,3412914.61279509
1154,170.045973136639,472.087,1910480.04167102,236923.375,1709545.8960655
1155,207.050960778438,483.785,429479.230638952,80852.609375,427407.411204983
1156,221.066764267616,473.376,2916126.66484464,206342.671875,2773499.65936852
1157,227.067599561819,445.606,210923198.139922,28099276,210902120.694772
1158,233.066756366466,486.325,275068.482479048,53318.89453125,252533.90578314
1159,331.400035032442,482.356,439517.648933703,67928.8671875,439507.141378148
1160,355.873031024587,482.356,832074.286773897,69651.6875,772649.755232537
1161,484.849975667153,477.171,687169.551022949,48035.12890625,639133.702122991
1162,546.825127518819,477.171,1782907.03490729,101461.8828125,1654577.64508277
1163,107.050148443696,458.368,116428792.34495,19516762,116267764.307846
1164,111.045137682742,458.368,9476356.45221407,1489672.25,9015872.94529123
1165,114.901738511917,482.356,1410844.34041406,127460.9609375,1274844.40068083
1166,129.019428323082,440.475,5081222.76127272,883097.75,4541158.34505698
1167,155.035070965294,307.184,19194956.2683521,1755805,12737644.1567773
1168,155.03507536171,358.427,14449240.1521688,1737028.5,12005853.1330427
1169,195.087480480191,479.854,5482956.45716279,753808.8125,5482935.81216279
1170,203.869007525652,5.33041,15582249.258331,604124,14848561.9475744
1171,203.868994822865,217.796,12324610.0592171,574166.4375,11684397.0060407
1172,203.868976141939,355.924,71823661.5264627,723330.5625,67571178.8343699
1173,612.797230919203,477.171,4025050.38501827,239133,3806845.51488373
1174,113.024378520498,445.606,4221128.26092773,419511.8125,3849429.29586502
1175,126.056061576662,435.356,6274307.1446852,150776.609375,5615005.90941384
1176,129.055783671087,376.223,6064403.10918749,496410.8125,4844340.68725229
1177,131.034993170926,367.237,4088754.52147083,446777.59375,2989658.92605298
1178,205.867232983763,14.4897,25270900.1411167,536482.6875,23908928.0095648
1179,205.867242804524,358.427,71832286.7401933,654369.4375,66685107.6197047
1180,328.045468903204,464.604,324458988.84445,57032476,324433799.475753
1181,367.882152718913,474.627,5892486.9493737,363830.6875,5318788.22312925
1182,119.050174431677,430.418,54210594.9855982,8734032,54080650.8073977
1183,119.050207252724,454.519,9433234.53925348,1351093.75,9262179.93133793
1184,334.012401929907,490.23,418370.22459375,150940.984375,418365.12059375
1185,132.867881539948,479.854,10961302.0945272,520475.1875,9945599.49806354
1186,132.867876224941,277.904,4862533.656142,401720.78125,4143490.79292931
1187,132.867865439269,434.122,7380646.96460504,865771.5,6599590.05648506
1188,157.050636602056,322.571,272204220.982307,20166164,267714160.052697
1189,157.050633172584,339.354,117778147.771204,11592963,114357661.154512
1190,400.867999629976,422.399,18656421.2275903,915529.875,15560217.2603374
1191,73.0289042151887,438.002,2637690.26466586,405863.5625,1939083.11358008
1192,133.01412480323,492.705,357886.779137695,97064.15625,354640.135390651
1193,177.995085412241,491.467,415042.215662109,114638.828125,415034.629090681
1194,223.798386366262,483.785,7723806.47833268,351658.53125,6357472.34822487
1195,237.09146880072,488.992,1329259.17851758,272711.34375,1329247.64051758
1196,285.011925039966,491.467,282448.952495767,62079.62109375,282442.6133291
1197,123.020069409193,448.122,55228425.6343737,9940920,55126978.5399279
1198,127.014910724083,491.467,603475.14149707,101974.4453125,573789.415271098
1199,221.800610561206,481.103,5884261.47342548,248029.171875,4699767.52069141
1200,243.05231038368,492.705,1265868.57605274,190843.390625,1265859.75080274
1201,243.942379165146,492.705,527884.952388347,122569.2890625,527874.839499458
1202,333.009053704233,491.467,6184172.43975131,1221289.25,6184162.32686242
1203,78.9582747296096,492.705,958362.372609159,141073.359375,958352.153053604
1204,216.984243067518,492.705,2589425.77283985,462270.375,2589414.26363985
1205,217.010129214456,491.467,2243672.95843572,337612.90625,2243660.19752663
1206,238.992177314235,491.467,1311247.76292695,251362.0625,1311236.25372695
1207,243.08738515923,465.845,4294844.79292969,152068.234375,4294787.53042969
1208,255.233085513291,214.069,121645642.307109,14987522,116398921.004465
1209,264.033254736573,493.94,319728.810814732,53268.5234375,319721.242243303
1210,282.955968002491,492.705,993065.899943578,223354.546875,993055.680388022
1211,156.029104603551,496.411,409151.480212502,146168.890625,409146.398612502
1212,157.016524046039,492.705,959801.787448688,118813.09375,959789.03926687
1213,84.0449703833201,499.057,2187808.5763284,406140.125,2167784.22418201
1214,138.019412941964,497.822,180446.360487499,43568.3046875,180441.278887499
1215,147.044998438642,497.822,1764094.80221819,496609.1875,1764087.23793248
1216,156.006831102632,492.705,8230568.40913549,1055985.125,8230553.17190472
1217,157.013848513526,491.467,9159550.50255407,1188973.5,8809883.08375032
1218,170.023780184682,497.822,1289383.04132499,366263.0625,1289377.959725
1219,176.991749654333,492.705,9725575.72850445,1495126.375,9725559.07364731
1220,204.06399040347,497.822,1117523.61617578,234335.1875,1114729.46624497
1221,229.071673313535,445.606,5561244.56936213,419265.90625,5100573.50831709
1222,242.051576521748,493.94,8630694.55014976,1069952.875,8612678.19877732
1223,263.030040652889,493.94,7119611.42166015,868189.1875,7119597.43516015
1224,291.067748888899,495.176,2946458.62402733,633251,2946449.81977733
1225,299.125975927386,497.822,1280702.894375,440159,1280697.812775
1226,152.044075828652,499.057,310488.851523047,112343.5703125,310483.770723047
1227,166.078553628988,499.057,587235.942522321,123509.703125,587228.228236607
1228,172.021123298254,499.057,425287.187414063,113391.5390625,425280.717414063
1229,113.048661885984,499.057,971399.239140628,155630.875,971390.297807295
1230,140.035507569821,501.527,320652.768351562,96549.6875,305321.51243689
1231,187.097887015444,501.527,511419.263544643,136031.5625,478147.987058364
1232,290.064227700703,495.176,32487560.8893127,5909306,32487543.0691793
1233,290.071754916958,501.527,744693.473109375,169940.984375,744687.143109375
1234,509.114098870133,501.527,815410.725953124,188000.171875,815405.637153124
1235,205.071907211541,501.527,3499447.98319712,847134.0625,3487301.41622374
1236,322.876491746767,504.179,167191.192458984,31977.337890625,166851.914183515
1237,328.048582168311,504.179,299055.113156252,74128.9609375,299050.009156252
1238,372.105250537115,501.527,4039333.33200336,1112374.75,4039325.74628907
1239,389.103644048952,502.94,128454.964859376,34830.36328125,128449.860859376
1240,152.035416150951,502.94,661958.43809375,126587.984375,610493.45401686
1241,267.072247890273,501.527,862826.591197266,212196.796875,862817.605822266
1242,343.090133735093,502.94,267880.846985596,46536.4609375,267871.861610596
1243,367.045320522228,504.179,222370.713864844,92317.703125,222365.462664844
1244,378.117074349663,500.292,6896335.38472267,1245986,6883915.39524977
1245,388.100099600282,501.527,1773871.08135417,373681,1773860.69913195
1246,400.082830143448,497.822,3289929.09553468,642811.0625,3289913.89053468
1247,409.145387301953,501.527,3643734.69634351,885550.9375,3643725.71096851
1248,411.001253172359,504.179,442080.246934151,116440.53125,442073.794077008
1249,417.115016237614,502.94,626913.198275924,111046.1640625,626902.892821379
1250,454.150479750509,504.179,202295.305753126,71022.3046875,202290.054553126
1251,487.132040385734,502.94,14812896.6278262,2920283,14812885.0043262
1252,488.135640961436,502.94,2460508.27582366,495393.4375,2460500.53239509
1253,129.038728843599,499.057,2155897.02847431,352820.3125,2085319.60398154
1254,175.012550238707,505.418,122981.415648437,36396.82421875,122976.299648437
1255,229.035427575415,500.292,1514375.69162119,184262.890625,1470180.52009271
1256,281.018480233761,502.94,256969.507122069,37883.39453125,256960.513872069
1257,317.063022303819,504.179,880849.663467969,169896.046875,877806.13176582
1258,322.98869458558,504.179,321805.494861327,98364.6015625,321796.501611327
1259,397.100366786262,502.94,570785.778017577,119257.234375,570775.438817577
1260,224.978468257578,502.94,668889.64452009,139510.21875,666413.799727062
1261,266.047689154726,501.527,2657051.94150676,410896.09375,2657036.58058369
1262,280.042415805002,502.94,937988.598687934,211018.328125,937978.355132379
1263,476.972739653588,505.418,774289.128645242,138811.421875,772871.691493698
1264,582.937305814206,505.418,203812.046299387,39153.8046875,203804.285727958
1265,86.0324238472053,509.335,121557.103187695,20248.73046875,118496.925298004
1266,244.059585062464,501.527,1963739.4586307,334087.65625,1963725.22646403
1267,308.062568826172,506.672,372817.742050782,94417.1796875,370507.099509496
1268,311.073385184366,509.335,130865.643854883,40442.29296875,130860.428654883
1269,345.077202700648,504.179,1216763.34837012,191633.609375,1210285.76871826
1270,385.938639495446,508.091,282163.238039064,95139.0234375,282156.773039064
1271,399.079191348496,497.822,24494031.4219154,4062652.5,24494013.5609154
1272,408.141608857058,500.292,23501410.4470065,4375462,23433366.9499748
1273,416.925469550047,508.091,100834.621304297,22629.228515625,100829.406104297
1274,491.902985907139,509.335,126829.710583008,47402.15625,126824.495383008
1275,138.044649111377,508.091,567475.531235158,117922.359375,567110.805523463
1276,138.047166069647,508.091,203979.156990792,46624.94921875,203971.438419364
1277,222.979815996445,499.057,2934299.21097765,342662.53125,2933010.70955022
1278,281.036064892115,502.94,3311569.02947154,454525.09375,3308794.55169629
1279,408.854696327853,513.184,605700.369982423,78328.765625,587213.902490413
1280,544.8841681346,509.335,178003.640385741,56758.6796875,177997.168719075
1281,92.0502494178963,506.672,1237289.95748985,212162.8125,1237278.34388985
1282,102.019496884298,510.581,270594.881179688,58327.6953125,257232.667664719
1283,112.016994219005,492.705,4594201.13836297,530849.3125,4594184.63136297
1284,209.041645320205,510.581,217186.26001519,64214.89453125,216785.368111249
1285,235.940928039961,510.581,86228.8483736981,19426.326171875,86222.3825403647
1286,244.065596845701,501.527,29536378.6360196,4032965,29520035.3729633
1287,305.036965518973,501.527,6964349.04798883,876049.875,6963497.09457735
1288,307.061758633287,504.179,4309071.48886441,620215.1875,4309054.75600726
1289,327.04490251215,502.94,5331145.06667996,755557.9375,5331127.05867996
1290,371.008739396973,502.94,2730563.8076183,311828.3125,2730545.7996183
1291,438.919608707036,509.335,243297.637457172,57312.0625,243289.9120286
1292,734.735321748572,510.581,63261.1044687503,16556.2265625,63256.0324687503
1293,146.965985564411,509.335,1332784.15858073,295869.84375,1332773.9372474
1294,173.056841676596,504.179,1619912.7446932,267702.09375,1614641.76382714
1295,182.022841799547,513.184,100376.812674107,27027.462890625,100370.37553125
1296,199.037796584598,510.581,620804.943853191,109587.515625,620794.722519858
1297,200.056608701964,501.527,5297351.12766888,708495.5625,5229432.0821556
1298,289.067930900697,501.527,10448653.3529126,1710103,10448636.5919126
1299,299.12504611025,511.937,265317.308499023,59059.9765625,265310.985999023
1300,328.879687757218,511.937,87148.0968549104,16546.87109375,86404.0216724776
1301,396.929097741189,508.091,481431.936266016,134973.921875,481420.472066016
1302,133.050692847623,508.091,855958.832491492,104615.1015625,748871.921829766
1303,137.043737739659,506.672,12845245.3052801,1869055.5,12799794.7716989
1304,197.042947695411,505.418,4209390.35871211,568818.25,4209372.53111211
1305,235.058767483762,500.292,3161006.73573399,362582.53125,3096147.75610329
1306,247.057294092117,514.431,90223.2220957033,19403.234375,90216.7870957033
1307,279.039013869135,501.527,11804805.72965,1637885.375,11774337.71922
1308,135.044283059892,499.057,9968527.84311196,1243379.5,9965355.4408539
1309,151.061192630033,514.431,82718.066469308,18560.46875,81851.568993747
1310,233.943466425259,511.937,828262.49562565,83767.9921875,824169.628341491
1311,269.061785504001,514.431,67407.042943359,16615.74609375,67401.914943359
1312,303.766033953225,514.431,115685.41646875,27438.89453125,110750.145021935
1313,344.877223747466,514.431,330065.878205077,50308.765625,318106.670157931
1314,355.872968304693,513.184,454238.802059043,57240.375,429279.684398054
1315,113.054969623226,499.057,5308419.65564303,842629.4375,5301797.02929694
1316,126.019731508354,501.527,1379486.9851556,195474.40625,1345232.63536123
1317,259.072524544515,508.091,1050372.09035833,147890.546875,1050356.72112756
1318,265.044315070068,502.94,23651511.0478938,3516196.75,23651495.6858938
1319,271.103325769452,515.678,165359.570518067,36471.265625,164923.091705539
1320,92.0459836757504,518.347,57591.562991015,13660.95703125,57586.441391015
1321,124.983196251619,516.923,316225.220352172,38123.296875,286228.638899894
1322,124.991409878363,515.678,537147.452874998,101667.2734375,537138.482374998
1323,156.013151767584,492.705,63995573.1388467,8304640,63995551.2683467
1324,165.074973700673,499.057,21045350.5628386,2758900,21014921.0404672
1325,207.051062062092,514.431,1314820.28909983,223614.96875,1314810.06865538
1326,226.10146366935,516.923,458217.873040037,90390.5,458210.184040037
1327,231.945716762055,511.937,1101496.22555949,125992.0390625,1101480.85263642
1328,247.079908590092,515.678,476958.461660712,130695.4140625,476950.836517855
1329,101.980722412223,510.581,648040.394107664,106002.640625,648024.979107664
1330,112.023275441257,492.705,40143077.6405647,3476725,40032946.8425226
1331,115.001447642499,519.59,63030.3045750004,13948.072265625,63025.1637750004
1332,137.045791609608,518.347,174402.755488283,40994.50390625,174396.384059711
1333,154.05103618055,518.347,427233.602553015,42670.40625,396939.555792305
1334,175.061211852946,504.179,1253656.73598884,164457.671875,887765.416429448
1335,190.087518552496,504.179,1137072.12094309,122516.25,1119005.65750105
1336,277.092692344354,518.347,138273.606203907,38064.9921875,138268.465403907
1337,306.058192254671,504.179,43154695.603721,6060658,43154675.112721
1338,341.175300904962,520.833,142663.065577846,45901.9453125,142656.706292132
1339,367.882217706269,514.431,2503458.98100001,252653.84375,2403993.16805243
1340,76.0115552750401,518.347,481611.411420148,101970.5703125,475642.578382656
1341,114.901735048005,515.678,1198748.68395,114763.375,1112898.84468528
1342,144.030256522993,501.527,4585045.45487917,681965.9375,4391016.69331156
1343,227.793639803414,513.184,703908.008159375,54466.78515625,636936.947669831
1344,281.107881198223,514.431,1650464.69912422,156680.078125,1464093.97106436
1345,350.870034372598,516.923,485209.393635891,50469.9296875,456561.997174907
1346,416.842022214595,515.678,608091.884408201,68716.3671875,571192.114638057
1347,90.0274369912896,519.59,910845.328948244,138871.921875,866060.996674581
1348,93.0439991259319,519.59,830541.470850264,127074.046875,830531.340183597
1349,135.050569382736,499.057,28578208.8590185,3633404.5,28554964.4348687
1350,214.069795989482,520.833,549476.119207762,108969.796875,549467.237957762
1351,225.09811422658,515.678,7577663.87760873,1160566.25,7577644.71460873
1352,257.066824462844,520.833,499027.79390625,77099.2421875,443333.141586914
1353,258.077111760174,511.937,921575.422096941,93193.2734375,919110.205930929
1354,283.163927284022,520.833,584751.161909506,145780.828125,584744.78024284
1355,347.886043603233,514.431,3159701.70965681,331634.28125,3069689.74897168
1356,97.0292883197588,508.091,1513457.33231152,152070.265625,1187822.26496496
1357,132.091654853706,522.104,466027.388957031,76890.0078125,466018.519179253
1358,133.106286637244,522.104,198185.644388253,43395.65625,198178.020102539
1359,170.079868609069,520.833,1331923.29834038,258150.625,1331913.1765626
1360,344.073831544254,502.94,12430166.3086641,1464204.25,12404316.1219523
1361,132.094065023085,522.104,160133.551813896,30150.6015625,160126.086956753
1362,241.048257676118,492.705,121096341.996725,14636681,121073633.869128
1363,131.084410994593,522.104,469447.986336805,90537.578125,469437.849447916
1364,153.990916853902,524.581,187843.841670899,48854.0078125,187837.596670899
1365,163.04007093762,430.418,1126123736.52069,188434176,1125954219.42378
1366,163.040169142347,500.292,4784205.52775625,319361.3125,4405001.66548322
1367,163.040134870599,454.519,89679652.9799209,13715203,89470867.0396348
1368,256.09402961828,522.104,1086417.95828472,155859.953125,1086407.82139583
1369,394.119988694474,528.327,488379.991992184,111973.1328125,486253.629080353
1370,245.066446878167,501.527,4336181.91995834,543887.9375,3995616.27356072
1371,110.024740261265,501.527,3533271.83026804,420598.53125,2957582.92546812
1372,233.067002920019,524.581,828086.076130372,146917.453125,802662.468002969
1373,536.157482154528,528.327,648126.078396875,184496.5625,648121.101596875
1374,82.0424271749759,528.327,241720.360694197,60414.44140625,241712.906122768
1375,209.01822517194,527.056,328682.647124997,68251.5234375,328673.953124997
1376,357.043229925571,528.327,257578.711475584,68059.0703125,257572.495642251
1377,415.098859034706,527.056,889057.512760045,195439.421875,889050.058188616
1378,557.137004227928,528.327,1653855.48161717,365591.46875,1653846.78761717
1379,558.139086691401,528.327,171491.772644531,40753.046875,171486.795044531
1380,82.0487405051516,528.327,2296516.84171378,344929,2296504.39807741
1381,92.0430934653961,519.59,4532066.03635233,616925.75,4504340.99731823
1382,131.090733888355,522.104,10128703.9199718,1423100.125,10102844.1353969
1383,136.028228051169,529.564,551107.741778545,124808.4375,550410.587626138
1384,187.010270113372,527.056,958667.968516925,169567.8125,958658.036072481
1385,213.96860421512,528.327,1387189.47643043,189031.625,1387177.04027659
1386,215.966568119015,528.327,286291.133363064,65481.859375,286281.200918619
1387,251.078670764057,527.056,2317308.10792534,524389.4375,2317298.1754809
1388,273.060761721124,528.327,411282.13219336,111266.1015625,411274.677621931
1389,330.051715307017,529.564,467396.357956473,84569.2265625,467388.903385045
1390,335.061416455667,528.327,1077199.16236842,180444.25,1075677.19384495
1391,393.116896717472,527.056,3904260.86996144,739267,3904249.66946144
1392,478.161329998901,528.327,622260.522195871,139169.109375,622253.067624442
1393,579.119202223073,529.564,355589.513012697,138670.953125,354657.531780463
1394,111.019914514013,492.705,905922180.12907,69907184,905682307.352552
1395,111.020025517636,445.606,576353631.264283,71931072,576185158.788317
1396,147.017686666168,527.056,5746661.05115071,933522.75,5745713.74316747
1397,169.978576386037,529.564,465238.247484377,100481.515625,465229.553484377
1398,172.991435517488,528.327,555630.413933164,116259.390625,555620.48148872
1399,290.059138624186,528.327,1765612.59305254,289403.625,1765601.42135254
1400,304.087077109102,530.802,265605.375281252,94473.1796875,265600.423281252
1401,305.029746930969,528.327,500714.920389327,88095.0625,500704.987944883
1402,352.059506609801,528.327,906501.419618063,161239.9375,906491.487173619
1403,435.011952888184,528.327,851394.358062505,107146.015625,851381.918062505
1404,469.12065856748,530.802,144247.637363283,35134.78125,144242.685363283
1405,500.984248264337,532.04,414756.587781253,128912.4765625,412026.226019255
1406,535.154674159598,528.327,3814247.85563985,717975.3125,3814236.68393985
1407,601.101162589324,530.802,120695.50463672,33958.6171875,120690.55263672
1408,307.066423029695,528.327,1686805.3338737,227701.546875,1686791.65354036
1409,136.034653206191,528.327,2712454.5225018,380483.6875,2712439.60188642
1410,263.014894066222,533.278,158368.514230469,31999.412109375,158362.320063802
1411,268.07057463283,528.327,4455472.3876261,608688.625,4455456.22398324
1412,269.078411713745,528.327,3310836.54754327,542826.5625,3304241.35593134
1413,285.022677009933,533.278,154031.912818034,30555.55078125,154025.718651367
1414,95.0499536798877,534.517,217295.516673829,29808.060546875,214614.413633442
1415,223.022482357724,532.04,2246607.74791289,232564.609375,2238426.73325278
1416,329.04825507084,528.327,5954070.98824218,680178.75,5954052.31324218
1417,351.056161227869,528.327,8537086.51272848,1154567.125,8537067.83172848
1418,395.019980699093,528.327,2348660.58350097,223672.640625,2348641.90850097
1419,135.031303768124,528.327,53409434.4963027,7343057,53406805.0367045
1420,152.035303232513,534.517,580142.310809693,100260.5859375,519315.779796002
1421,168.058455724805,538.271,238912.680093751,51225.90625,221123.132441686
1422,226.083566872003,536.997,141860.735974217,47080.09765625,141268.779733613
1423,414.965626033868,536.997,156116.228327342,57880.58203125,156111.241127342
1424,159.057466852793,532.04,1156187.62476528,114956.5390625,1156167.69629469
1425,217.071787188728,538.271,191787.772200521,48324.3125,172022.765084432
1426,289.055663056263,528.327,18296510.117581,2395975.5,18293761.593286
1427,364.981204652579,539.51,197354.389648438,55745.7734375,197349.389648438
1428,377.039790476695,538.271,245206.157226562,65093.31640625,245201.157226562
1429,404.10195717824,534.517,2342588.88879035,337450.625,2342575.18370702
1430,159.054769855432,532.04,6368139.86202344,541890,6356157.11373239
1431,198.991693542818,539.51,279197.947661132,87093.90625,279190.468661132
1432,365.0219538935,539.51,211361.279312339,59797.58984375,211355.035145672
1433,379.088357308107,536.997,2121135.42225049,279020.59375,2119753.46612355
1434,106.022651010921,540.751,191852.837531252,44374.3203125,191846.590031252
1435,149.043238661115,540.751,806335.114268375,147859.40625,805674.684178178
1436,152.023205782039,540.751,321350.662935271,77698.390625,321343.174078128
1437,154.998734646421,538.271,2674439.90905874,448349.3125,2621361.42818836
1438,233.981713294308,538.271,474280.653467014,123729.78125,474270.683689236
1439,244.03166795684,542.007,93490.3216351573,20333.16796875,93485.3432351573
1440,268.076955264221,528.327,39707661.6638869,5347942.5,39706671.7694308
1441,279.970616532195,538.271,528107.39728125,104650.2578125,528097.427503473
1442,294.000712022638,542.007,111203.789708595,25017.67578125,111198.811308595
1443,359.972428667743,540.751,141374.405703127,52157.1953125,141369.427303127
1444,367.02130561119,539.51,669364.407878416,127313,669355.678003416
1445,373.040267511057,539.51,958498.88982639,190189.359375,958488.920048612
1446,149.040691084119,542.007,299985.618043529,64202.6875,299978.124900672
1447,151.042909207895,542.007,231554.266496654,50099.6328125,231546.773353797
1448,152.029555138038,539.51,1619901.95392708,284128.6875,1619891.97881597
1449,189.994330729627,538.271,636559.158718653,122890.59375,636547.943818653
1450,194.992340482603,538.271,1103875.75262643,164352.578125,1103863.29899006
1451,202.044014911575,525.818,9915373.11855338,1090248.375,9859732.19562044
1452,235.980734442467,538.271,1076273.80731104,167808.734375,1076262.59241104
1453,250.922423358407,539.51,1618424.1458431,298678.1875,1618414.17073199
1454,322.009157314624,542.007,342720.249638675,64942.23828125,342712.756495818
1455,328.096402921505,542.007,493896.874006143,92845.953125,493889.380863285
1456,370.117691354556,542.007,210766.863727216,59279.58203125,210760.640393882
1457,465.936206846137,542.007,203238.974840962,36231.1171875,203231.481698104
1458,505.929335129849,543.25,132686.465614259,40406.125,132681.482414259
1459,90.9428958983776,538.271,2624733.22190626,420614.6875,2624051.94520481
1460,150.047963731483,540.751,490816.197078129,99992.53125,490806.217522573
1461,152.986385607809,539.51,830822.385574999,122013.546875,830811.165274999
1462,169.05062437396,540.751,346704.344394433,66044.2109375,335661.326318215
1463,216.031076293953,543.25,159166.456842775,43903.828125,159158.966592775
1464,248.924643586251,539.51,2423724.84069092,435083.1875,2423713.62039091
1465,252.044278303511,544.494,106381.95452874,30637.779296875,103778.905432537
1466,319.076832141954,542.007,805472.251789907,149577.609375,805464.783504193
1467,328.087459351192,542.007,1312005.11303126,194170.015625,1311995.1334757
1468,370.038845216371,539.51,3508435.72373438,536572.6875,3508423.26373438
1469,371.039684234729,538.271,3169697.20269793,474812.375,3169683.50403127
1470,375.039617360509,539.51,2150218.53500782,326185,2150206.07500782
1471,91.9436159450904,538.271,2713011.03693751,404569.78125,2712996.06093751
1472,112.012108602785,533.278,13135748.1005571,1740203.25,13007951.6485003
1473,188.036364407377,540.751,2319141.82198014,319668.96875,2319128.08481348
1474,196.991567873968,538.271,2614637.40403126,339616.3125,2613042.22596597
1475,232.026150046564,542.007,910593.780415924,130000.359375,910581.283143197
1476,258.964558856736,543.25,258027.423528144,54142.8828125,257283.299978643
1477,303.083664155948,530.802,4432411.73715074,532460.3125,4430957.62488703
1478,327.095298560757,540.751,4362896.75470737,616070.6875,4362884.25743465
1479,376.036229124397,538.271,3284852.70750001,491787.375,3284837.73150001
1480,100.011913439609,544.494,502078.237860091,52313.6640625,491430.339559842
1481,256.966577631358,543.25,285973.597412109,53418.3046875,284261.342762538
1482,297.768152714061,548.264,486923.64493008,63375.3203125,483756.70037256
1483,372.036762671293,538.271,8511694.10159318,1212371.125,8511677.88223604
1484,374.036110017009,538.271,18640381.0226113,2677264.75,18640363.5646113
1485,175.061248752702,540.751,1077888.00001752,114234.40625,811069.453578999
1486,234.041699167618,546.984,137719.503780382,44296.58984375,134842.365004263
1487,256.112122998739,548.264,140457.243812499,49818.1875,140097.494945702
1488,279.055204398557,542.007,528665.469158201,72292.6484375,522948.869673394
1489,317.731778780449,549.507,123331.455813911,19956.1171875,122553.236535672
1490,321.049422128167,546.984,372907.87039844,80800.984375,372900.37639844
1491,612.795731492433,546.984,345965.537443359,79054.59375,325746.081827121
1492,96.9404781261079,538.271,5478914.47157854,802573.8125,5478897.00957854
1493,111.008751708349,548.264,2221648.08072917,457641.4375,2221641.8265625
1494,113.020001305589,548.264,149980.943631185,31526.275390625,149974.689464518
1495,150.039543168346,540.751,6804552.41699999,953374.375,6803567.56713866
1496,167.060988256551,548.264,96792.9456947802,15565.361328125,94283.1656400737
1497,313.7362856808,546.984,300683.134192385,41204.5,300674.391192385
1498,315.734201793246,548.264,294301.386766407,46071.33203125,294291.407566407
1499,324.093733493298,549.507,124183.586235937,34452.87109375,123198.284312794
1500,326.091740196849,542.007,37103006.8969272,5345614.5,37102988.1869272
1501,339.140986731637,549.507,661500.238685921,71610.8203125,621478.804425058
1502,76.9874602255833,550.75,61028.6561445311,14133.2177734375,59689.2032457681
1503,81.045361202652,527.056,50166971.9699169,6985627,50136641.9014776
1504,113.060799736297,533.278,3838739.02765928,309222.9375,3545298.16149696
1505,151.026151283826,539.51,28167715.2949227,4610425.5,28167696.5899227
1506,191.035046834293,549.507,216190.122776366,60227.05859375,216183.871943033
1507,199.022507493025,545.739,579158.912546487,56380.65234375,576822.636540729
1508,209.066869340263,540.751,1244414.48014707,117254.890625,1241676.762007
1509,304.770567550326,549.507,164620.735779018,38463.4375,164613.239207589
1510,370.137223339472,545.739,567564.873509767,101504.6484375,567553.633409767
1511,380.119659970977,551.999,226877.128227904,38562.68359375,223602.627465109
1512,407.083282749801,546.984,1078707.99413965,177218.09375,1078696.75403965
1513,154.012205618202,550.75,192821.684456542,52552.33984375,192815.436956542
1514,174.059447888833,543.25,475523.918222378,58490.0703125,475507.683079521
1515,186.048950497052,548.264,1012650.17969283,151812.046875,1012637.69787465
1516,203.017392311773,550.75,186162.426679687,44003.296875,186154.93353683
1517,224.054312330527,551.999,73210.4861636717,23542.974609375,73205.5125636717
1518,228.798763098819,548.264,388462.761560247,46496.75,386677.541951294
1519,415.07897780689,548.264,468644.451199806,62899.1171875,468633.224599806
1520,423.161900273211,551.999,125824.568601172,54053.3203125,125819.595001172
1521,451.128950940562,549.507,341873.361071148,69120.5234375,341865.867928291
1522,92.9410262182059,538.271,10756598.7088542,1559303.875,10750628.3437545
1523,99.0061247170655,551.999,437950.389929092,88782.90625,434828.02611458
1524,99.032378200618,551.999,197777.102548217,38930.0859375,197768.368298217
1525,112.016600047927,548.264,4635505.39107032,677346.5,4357281.08449719
1526,141.05580831736,548.264,771101.302386069,93694.6796875,670359.874895497
1527,149.047114321874,540.751,7977725.02927461,1159927.5,7977708.79627461
1528,188.905512005413,548.264,406861.215466309,50414.7265625,406847.492966309
1529,191.991043610824,538.271,9276891.87458537,1280266.125,9275521.73427336
1530,192.991529390655,538.271,6904949.90136021,1058184.5,6904932.43936021
1531,197.988460872658,538.271,9061862.63357979,1236944,9060173.77553072
1532,248.049271398946,551.999,183036.0493023,58269.1796875,183027.317191189
1533,267.091566461226,551.999,204866.517997349,53247.8984375,204859.029140206
1534,295.769985874346,549.507,653287.951237724,88026.2734375,653272.960666296
1535,304.953021888368,548.264,490360.02421307,64603.4140625,490347.556940343
1536,316.739250066596,549.507,443272.788708692,68920.1015625,443261.564808692
1537,321.130493399848,551.999,114873.885860026,34021.25,114867.671693359
1538,340.124861271666,551.999,282937.807505534,61196.9140625,282931.593338867
1539,346.125584839765,551.999,304068.032771484,53198.0546875,302030.400167618
1540,357.123415939186,551.999,222514.627049611,65692.484375,222509.655849611
1541,136.033260541526,553.24,427014.361424998,71349.625,423271.990363565
1542,141.038777935249,550.75,215917.859016928,35827.453125,210520.466983808
1543,206.837345696146,549.507,1116217.31815642,139121.046875,1116203.60757309
1544,208.835600476012,550.75,459356.673376422,58132.19140625,459344.206103695
1545,247.045993760298,550.75,3564287.30342613,516902.1875,3505669.75712256
1546,255.108638208111,549.507,2530481.01767059,366580.0625,2500531.31569275
1547,297.082890046406,554.481,172004.840271485,47962.5078125,170374.083822846
1548,320.109917878765,553.24,269693.613458008,46504.7578125,267448.434558961
1549,360.097105444689,553.24,151688.09065625,26623.53125,150652.546222006
1550,417.078231983216,546.984,941561.562641527,127745.890625,941547.852058194
1551,436.993029656266,555.721,471534.571512043,100284.0546875,468918.869577788
1552,450.125493985579,549.507,2116572.09295278,426749.5625,2116559.62568005
1553,142.066091110437,558.24,103363.161015842,21745.11328125,102531.853823352
1554,182.043526422672,551.999,777579.416953416,113196.1328125,777568.166053416
1555,313.078029625311,554.481,192641.601732422,55502.71875,191661.129486702
1556,369.133797201741,545.739,4511922.14684013,682310.125,4510791.18514754
1557,399.133749306535,551.999,598943.64449627,83404.421875,598139.713276273
1558,442.176206910755,551.999,730858.555560057,128849.6875,728716.659281353
1559,542.95739749697,555.721,112212.42740039,25785.216796875,112206.19740039
1560,142.996173029754,551.999,1017284.84516958,150681.984375,995016.521304376
1561,257.062390612403,553.24,1599440.49417822,168259.78125,1522793.4036298
1562,277.092898462986,555.721,290089.244346355,69560.625,289045.819321458
1563,293.052055305567,555.721,160027.188962159,23261.6640625,160018.462587159
1564,407.172558551089,556.964,241503.915279134,58999.37109375,241497.681112467
1565,426.178187346061,555.721,402763.578906697,66873.9375,400405.982207625
1566,141.043173256874,551.999,486071.407202358,61769.48828125,475264.91351024
1567,159.092817364739,556.964,166531.842421875,42736.32421875,166524.366421875
1568,179.044712035286,543.25,1017249.94886914,89969.546875,998903.531257368
1569,226.801268243217,549.507,2205676.99801433,203409.328125,2205655.79523655
1570,249.061673680738,554.481,792085.268761723,127433.0234375,783912.145081303
1571,82.0293706130026,551.999,600960.749548438,67450.2578125,583210.74587719
1572,204.079971830723,556.964,978187.008690105,132235.9375,978177.043356772
1573,217.835904572663,549.507,3832090.01233963,358122.875,3828391.06886714
1574,221.086081096792,551.999,989171.937123046,110625.1640625,958722.501506736
1575,224.803569764463,549.507,3196964.02911596,273342.3125,3192412.64052799
1576,347.995153318921,550.75,1938714.22796133,247959.09375,1938696.76436133
1577,382.134189390785,558.24,717701.146444011,127836.578125,716882.502566399
1578,121.050706191243,559.48,197208.44120215,53061.94921875,197202.20870215
1579,139.051395313984,564.44,124101.132326389,39482.7890625,121410.22298117
1580,143.054318845903,551.999,562678.030587262,80085.796875,548393.159381321
1581,241.038715499727,556.964,752543.156464233,80603.7578125,747526.13487585
1582,267.073580820167,528.327,365584724.647281,48786128,365552074.630868
1583,331.029118918975,555.721,1133276.18114323,185448.328125,1131991.11345371
1584,371.021263840773,556.964,548858.070020959,96018.4609375,547942.371295571
1585,414.170474847129,556.964,650750.498588783,91870.296875,650738.050406965
1586,468.150147801874,560.721,142370.912742187,45558.51953125,142365.923942187
1587,116.050523376947,556.964,830089.093902268,96813.0546875,830075.405318935
1588,126.905027225095,549.507,10511568.9089735,920116.6875,10460773.9061133
1589,215.837712879382,549.507,8957180.29158719,849425.0625,8935012.32358317
1590,271.070160426655,556.964,996837.325232673,123104.4296875,996823.63664934
1591,425.176425615577,556.964,3437267.13612982,377760,3437252.20443751
1592,179.032656242644,563.2,551967.139045896,169127.625,541638.40649904
1593,193.989041758469,538.271,23408884.7798438,3349138,23397813.907974
1594,226.067825930122,556.964,1663508.34014126,193889.421875,1661994.96315727
1595,252.087826321036,559.48,825358.113475421,71028.4140625,812544.50147777
1596,332.047878783816,561.961,243151.387610243,61469.78515625,243142.648499132
1597,446.168162164303,560.721,842389.109814937,142678.703125,842380.395689937
1598,485.163720494956,563.2,127341.969531249,48292.9921875,127337.009531249
1599,91.0298424353412,563.2,120672.394862847,17121.93359375,120663.681418402
1600,111.039350038394,563.2,271858.486940526,54857.16796875,271848.503740526
1601,163.061261460454,544.494,4732174.44464683,282446.875,4633452.58627756
1602,265.06368107116,563.2,562675.224607243,81210.5234375,562663.997516334
1603,289.087441442901,563.2,192349.02946289,28251.005859375,192340.31621289
1604,308.050301476696,564.44,109986.221383594,27189.552734375,109981.260583594
1605,355.088373945377,543.25,2470623.52975488,230751.21875,2470603.56775488
1606,355.088606290015,560.721,769766.820910512,95095.140625,769753.138910512
1607,356.12007723809,551.999,2476189.12328515,421713.5,2476174.14628515
1608,507.145660108033,563.2,175138.356457031,56032.92578125,175132.154790365
1609,199.072526184359,563.2,191441.456354601,45979.046875,189955.033531501
1610,310.065905986979,563.2,322469.687500001,67986.4453125,322462.213214287
1611,332.098832939882,565.68,249783.144171486,75566.8515625,249778.152971486
1612,410.016533363115,565.68,107805.401599219,27876.646484375,107800.410399219
1613,184.061633668308,445.606,5826579.74387545,660036.625,5226132.97886674
1614,184.061498142669,499.057,3776717.01488787,352763.8125,3174355.52454476
1615,265.057122133916,555.721,3018520.717875,314579.46875,3015294.63581292
1616,381.130637166408,558.24,3558926.8528125,449456.0625,3558101.17362723
1617,398.13046997908,551.999,5630266.94970637,544118.25,5619404.25551475
1618,223.046028499906,544.494,2513645.90277257,175099.78125,2501236.18581939
1619,243.075388900369,563.2,1470735.93870507,197808.421875,1470722.22170507
1620,326.060861869832,563.2,1905058.94483052,291196.34375,1905045.2337536
1621,344.065813308084,550.75,869206.198283652,80898.4453125,867447.936588872
1622,344.065689513637,565.68,373427.934728603,56006.30078125,372075.183261944
1623,394.135436797977,551.999,909902.522912108,91917.6484375,893331.39786893
1624,152.046574856754,563.2,740957.371233233,103284.546875,740943.6193999
1625,201.004260810632,565.68,1813960.99162085,243324.328125,1785667.22997747
1626,243.062328313653,501.527,298476914.955452,40735068,297490230.586174
1627,244.082611940233,563.2,1237222.08363394,153370.8125,1234484.90115449
1628,288.083890290395,563.2,3764994.88952975,552326,3763030.60619735
1629,347.059096789051,568.2,249179.316397785,74104.4296875,249173.044731118
1630,370.024355860103,563.2,941634.720194965,132403.90625,935556.057289865
1631,304.0529224434,563.2,2485155.24044441,316231,2485140.24413672
1632,412.109450068954,568.2,301097.974868245,54087.98828125,301086.742118245
1633,110.035978919033,563.2,7586948.21233361,1039438.5,7524145.46404564
1634,125.000930674471,560.721,1532330.51747896,251057.859375,1532314.31347896
1635,132.066554718666,570.685,137315.348400879,35345.625,135015.139806453
1636,243.081577059606,563.2,13685335.0995191,1992097.625,13680849.0130479
1637,269.051500809471,570.685,224095.778366015,39443.64453125,221969.697100894
1638,295.123007569611,570.685,105144.611572264,36286.06640625,105139.608372264
1639,424.172876593497,555.721,18233767.4012226,1909475.75,18233747.4632226
1640,112.012123509877,564.44,10036921.1741149,1722284.25,9797148.7563556
1641,117.068747311333,571.966,274254.098515626,50656.21484375,274245.332765626
1642,118.075957497876,571.966,304724.289428468,63844.6328125,304715.523678468
1643,200.054143406733,571.966,234313.790449219,57316.95703125,234308.786449219
1644,252.044437020619,571.966,159949.735978124,35898.12109375,157734.620613385
1645,255.1326679668,571.966,190958.036924106,39796.25,190950.514638392
1646,264.06026270114,563.2,8130843.32207215,1055285,8129150.10208061
1647,290.036834144762,571.966,163246.329362722,43192.90234375,163238.807077008
1648,338.165363287196,571.966,336679.782444661,88109.5078125,336670.99433355
1649,156.064173770539,571.966,705487.211023441,121797.1484375,705477.200356774
1650,160.033319848384,543.25,2628220.84591286,155655.5,2622042.80127082
1651,215.01432115245,542.007,3837220.52043235,241064.03125,3820455.21199973
1652,215.014368043645,570.685,959993.54078125,77802.109375,949308.25049379
1653,225.064675338255,556.964,15808639.0132986,1604922.625,15808616.5842398
1654,294.119723051754,571.966,1191183.65121615,197232.09375,1191173.64054949
1655,195.006433865758,570.685,2497903.83892529,461941.03125,2497890.06967529
1656,432.096608681638,574.454,986648.082608842,167778.640625,985499.553542239
1657,433.099843633023,574.454,170230.495484376,56109.26953125,170224.215484376
1658,141.019418727581,544.494,2128467.14152352,124112.59375,2064227.98842188
1659,178.05096723063,574.454,354912.487583105,59820.984375,351075.970670635
1660,196.025254222499,578.221,155709.070072144,36002.4375,155365.622142637
1661,204.059446760004,571.966,1238570.71503285,211908.078125,1207163.68264892
1662,228.006828276178,568.2,1437516.65205241,82285.2890625,1423219.92754941
1663,337.161987375603,571.966,3286857.19071841,454781.1875,3286844.66253659
1664,94.9402706357593,538.271,28412910.08946,4001400.5,28412890.15246
1665,94.940292173083,576.942,1544680.08836914,122257.1640625,1544647.65336914
1666,105.019227302634,539.51,9696882.78440426,1563010.5,9529968.17803951
1667,109.04066127928,563.2,3724430.46223755,461961.09375,3437968.19039095
1668,150.056102488502,527.056,22229949.2176323,2710869.5,22111906.2845952
1669,178.815378054614,573.21,745883.4045495,76942.1640625,653215.002175355
1670,195.98826809109,538.271,49289477.5449698,7038582,49283622.9462152
1671,215.544691039728,574.454,788009.031870502,145244.9375,786748.374086
1672,240.036266454429,542.007,3277706.72257911,279396.65625,3277686.76357911
1673,240.036288609701,568.2,2228082.92969838,159641.234375,2228056.71169838
1674,267.999230870679,568.2,702778.661531117,72403.8984375,698509.823939442
1675,278.051736859859,542.007,9651454.34058728,528169.25,9648050.74207621
1676,278.051608459715,565.68,715191.536825527,162091.015625,714684.011912511
1677,416.841666921586,573.21,518036.294020996,63676.5546875,488624.37291626
1678,102.027595102534,551.999,1696571.58448307,167111.4375,1631910.73822673
1679,102.027596995586,573.21,1364082.16016016,85709.6484375,1306549.53066406
1680,135.029923950536,551.999,11676862.3481877,1596085.5,11657174.1167365
1681,141.055744635027,575.698,692952.741864937,93422.3984375,610883.73511763
1682,164.038735680219,575.698,1617868.7272444,267673.71875,1617856.23906258
1683,164.071723132558,499.057,214916992.44185,29240408,214648049.055411
1684,178.04388367261,542.007,5547315.10378342,378632.1875,5543224.4771541
1685,178.043888803653,571.966,3768414.0949669,229575.734375,3764093.942581
1686,178.996229304043,578.221,132181.319675782,33502.91796875,132175.083842449
1687,198.03851667198,579.461,115214.842873438,37569.10546875,115209.851673438
1688,204.08594757241,556.964,23264360.6774738,2510269.75,23264336.9686405
1689,213.017250697759,542.007,12012176.8946641,710478.4375,11466513.7074116
1690,247.020680433326,568.2,1661711.92017119,111464.390625,1649503.43219696
1691,310.877874939778,574.454,1412756.78423111,88205.203125,1181471.43883995
1692,385.128767033424,576.942,470310.998472656,82497.90625,470302.273847656
1693,86.0243308571546,550.75,1154480.54855494,114358.15625,846043.869737539
1694,101.043552725992,551.999,1116647.86617389,116788.8671875,1111659.5024057
1695,101.043559319844,575.698,470254.995543089,43539.4453125,465259.717549175
1696,127.040086666859,556.964,3276899.61839844,364210.90625,2952869.92562598
1697,130.014540090652,566.922,631951.624371979,77685,628332.658351892
1698,158.05396536046,532.04,63549951.1473094,5771229,63470057.2997764
1699,158.054015857408,564.44,2727529.8019825,299173.3125,2628374.49183031
1700,160.061561413575,551.999,1602529.91830723,158343.9375,1458108.94673902
1701,165.067006896037,564.44,839919.389852342,57953.42578125,763568.208559378
1702,207.830084544082,570.685,8731498.87206121,234964.015625,7872845.6346319
1703,246.036624859743,570.685,1384799.7162461,93578.4765625,1372204.46345416
1704,251.040900958853,573.21,5662755.58349364,350643.96875,5654107.13764979
1705,251.040881442962,544.494,2794445.87451498,273124.65625,2787961.41834452
1706,251.101609621921,580.699,111108.964749999,34551.671875,111103.979149999
1707,302.00708810198,576.942,763885.792118026,77668.9609375,727774.208210119
1708,322.097482547948,550.75,1326469.4129308,120206.203125,1308117.80951421
1709,441.17271829835,551.999,5885161.478458,910046.8125,5833487.66021332
1710,117.075056979278,571.966,5392617.65593846,744100.1875,5392600.15893846
1711,154.048531348857,580.699,344889.030881469,78993.671875,344880.318506469
1712,155.009770870223,492.705,1168226599.75756,151827408,1168129502.73743
1713,155.009875381119,543.25,3809755.57745329,192018.515625,3676960.32721626
1714,202.072180066982,551.999,2498889.7000092,257049.625,2443285.04362248
1715,242.078421850966,563.2,141802683.860742,18700436,141797232.911146
1716,284.081687133275,550.75,935358.791925154,98815.1953125,923503.636389431
1717,284.081784844505,578.221,1407477.34353515,73767.6171875,1388869.13963978
1718,114.027729296709,579.461,457431.882943586,68259.65625,453365.843408984
1719,335.062293649559,576.942,1261426.11497222,120820.375,1248189.15132713
1720,159.018466599209,581.937,339235.521500978,48675.19140625,339224.330000978
1721,267.01528911936,566.922,1763723.70279883,109898.7578125,1760214.63251225
1722,325.056915926333,583.174,520453.911496652,103588.5859375,520446.481782366
1723,380.109388315859,583.174,435518.38747754,77794.875,435508.439921985
1724,175.061234382989,583.174,849478.033782321,137781.484375,746019.602387329
1725,190.020415225853,584.411,344452.963937498,60801.76171875,344444.271493053
1726,241.035474546519,584.411,417771.763470704,86120.7734375,417764.305470704
1727,244.905735770524,574.454,1168296.52302994,92104.5859375,1043450.31114663
1728,336.081118642417,584.411,249741.086138673,87957.6015625,249733.628138673
1729,406.985122497678,584.411,354812.558723311,97880.171875,354806.339556644
1730,78.9584073404204,584.411,831781.460963246,123562.7265625,704908.54014314
1731,125.051837512185,583.174,1303631.49232396,169910.84375,1298726.34434059
1732,153.019391628929,584.411,548766.038274217,92690.84375,548754.826074217
1733,153.030612797255,502.94,5768382.46219728,558565.625,5646508.1583909
1734,153.030566310188,543.25,4874406.81031889,232428.703125,4647832.29907741
1735,153.030617246608,516.923,5097517.48285758,426804.625,4957151.92635524
1736,165.040488921083,585.648,3429903.2588576,569849.5625,3406770.76972492
1737,165.040490311905,566.922,1334392.78705624,166231.65625,1302764.99174084
1738,188.056508036422,585.648,976404.265763672,201636.953125,935318.123473633
1739,217.035320876422,583.174,770411.532172307,102672.65625,743303.203260081
1740,229.009534365016,583.174,543783.532564631,89297.734375,543771.076200994
1741,255.967971389262,584.411,219073.707595704,42397.35546875,219066.249595704
1742,334.114767175977,583.174,880126.615830076,138039.9375,879536.353985812
1743,335.077565021137,584.411,1291662.20328298,213697.15625,1291652.26639409
1744,335.146310720576,580.699,2455031.81608692,392361.03125,2455018.11558692
1745,346.014351317894,584.411,1391241.71083007,229611.484375,1391233.01420507
1746,360.984668049602,584.411,467250.932220704,147900.28125,467243.474220704
1747,366.992647980733,584.411,1696310.71033138,315978.625,1696300.77344249
1748,385.003061365814,584.411,704504.28799658,112152.8046875,704495.59137158
1749,388.974524051317,585.648,503314.380121095,102018.5625,503306.922121095
1750,391.016023676332,585.648,570929.448117189,126575.4375,570921.990117189
1751,401.005934848559,585.648,486738.696597654,149485.4375,486732.477430987
1752,647.06534446474,585.648,833170.544398434,197372.484375,833164.325231767
1753,112.016612749443,581.937,6441601.53557189,582822.8125,6191170.42977622
1754,120.038301764348,551.999,1805507.05440678,160018.953125,1795614.49248216
1755,120.038393732302,586.889,1283153.41090541,123442.9375,1271512.69692321
1756,132.867873507614,542.007,8796729.74672413,495089,8527490.81764757
1757,137.024417156883,583.174,940051.991901641,124942.1796875,873370.90119137
1758,140.07171481308,499.057,3627587.97265119,249276.359375,3211990.90486268
1759,140.071839725453,443.128,1626517.13483154,185350.390625,1278977.07872771
1760,158.017593055425,581.937,4367716.48549609,471482.125,4359742.95316797
1761,168.038366088997,583.174,2488449.52578808,340882.15625,2438374.23342434
1762,211.001402104241,584.411,1903186.15233398,326761.96875,1903173.70233398
1763,342.119336267036,585.648,807524.043369137,130725.7265625,806154.690722216
1764,379.107946880599,583.174,3290900.4056746,351742.5625,3289683.25860484
1765,73.9958832045304,570.685,2555170.30269589,92523.8125,2550662.59790161
1766,73.9959019270086,448.122,1443855.53806293,121920.984375,1441495.58039341
1767,73.9958855776633,515.678,1659287.36873812,86305.8125,1655878.20685296
1768,73.9958857647487,482.356,963596.329265949,75809.40625,961852.161647937
1769,73.9958813104988,470.837,848696.777585229,74880.59375,847143.53841509
1770,99.0085622508601,543.25,20666814.0746596,794603.125,20148601.0315325
1771,102.027602898849,589.4,480491.023222654,97813.9375,444462.797675685
1772,113.024451975692,581.937,11907613.1286947,1179487.5,11605308.9828714
1773,115.040071353886,417.383,6169377.71254454,864182.0625,5032792.8652063
1774,115.040036686993,500.292,2592479.40589584,263682.25,1519008.67408959
1775,115.05939534931,581.937,3758176.02243853,530426.3125,3757387.42908712
1776,115.076437702946,277.904,111489811.782252,15443815,110047960.968798
1777,122.037396552362,584.411,3576335.11201562,388862.6875,3533860.21052612
1778,122.975769689458,550.75,5039075.41839204,382647.5625,4983012.75533445
1779,122.975802254944,518.347,3844818.080125,269102.6875,3769081.05398609
1780,122.975847225075,501.527,1836033.26311686,200752.734375,1783273.85006015
1781,122.975775292478,539.51,4656387.74439664,377228.03125,4591296.44448356
1782,122.975798542425,564.44,4264727.36438281,349286.53125,4194796.88013639
1783,130.087357705522,522.104,153507268.569226,20884240,153280217.322409
1784,148.043820736587,540.751,148987867.554394,21359722,148835077.614589
1785,157.014231412641,581.937,64160014.247943,5778742,64001732.0024611
1786,159.029902859781,543.25,34367636.7727799,1774360.25,34041024.3819957
1787,190.043819647487,589.4,331019.428437496,117399.921875,331014.449237496
1788,194.067055340007,574.454,4003490.38185317,182705.15625,3806814.34812009
1789,201.040654531432,525.818,113154165.252073,12327460,112243608.047971
1790,203.08274706047,556.964,191975060.390175,20434606,191944757.152132
1791,229.071905360291,501.527,6503060.23389472,377006.3125,5918105.42289472
1792,229.071735541348,538.271,5973298.96255599,285743.5625,5220001.191625
1793,238.1086245857,276.67,4558393.71930921,304170.25,4072231.98118656
1794,325.033357692824,584.411,3395317.23671093,563302.4375,3395304.82671093
1795,378.104396732202,583.174,21712788.0057197,2117975,21712768.0997197
1796,388.125222755846,584.411,10203889.3148802,1205201.375,10203871.8968802
1797,389.128699062732,585.648,1781882.74333593,233898.578125,1781870.33333593
1798,83.0133905740106,551.999,3930764.0701103,355779.90625,3845799.86598163
1799,83.0133820144159,581.937,2516077.64226406,186346.3125,2435782.67270125
1800,85.0290843889211,506.672,6205596.66804687,602272.375,4814200.82370313
1801,85.0290608906804,540.751,5059606.36066178,351366.4375,3536949.16659008
1802,87.0083591859771,427.944,163395721.937004,22178118,160538870.425897
1803,87.008389145248,362.212,10365096.7290117,824354.875,7546624.76437062
1804,87.0447603555348,385.096,10230206.4874365,1009571.1875,8911522.81996018
1805,112.051602866008,499.057,127095247.321447,17405920,126871332.151246
1806,115.003653025906,550.75,28884570.0540747,4251143.5,28502636.6864713
1807,122.024736240347,405.531,796488783.29495,122387960,795531976.287661
1808,122.024749283886,434.122,18372230.7925454,1573790,17000820.9864
1809,125.035573984738,404.295,1103567927.25133,115565656,1102814375.36898
1810,125.035672477134,527.056,75019539.229427,10605678,74379376.2522668
1811,125.035631640248,454.519,5885516.07435196,365575.25,5068183.68004378
1812,125.049368912394,584.411,2152826.66499316,263037.375,2147579.33140215
1813,128.035312296851,499.057,44949260.8864286,6028434,43120283.8812388
1814,128.035352857069,485.034,27716618.084427,4385794.5,26103087.1368033
1815,140.035352462205,551.999,5798305.5984444,558524.8125,5708247.9124565
1816,140.035347401949,589.4,1847817.65027605,240694.46875,1789909.97789899
1817,140.03535523944,573.21,3687293.94285936,227297.859375,3602428.26716972
1818,151.039315978759,589.4,494196.168831051,117673.1796875,494189.952997718
1819,161.045613208966,585.648,4119835.94349458,333422.5,3153051.58673384
1820,177.040493199182,543.25,107958526.698968,5697112,106863338.05792
1821,185.045570410565,255.396,6043709.39144302,404536.375,5645847.47423455
1822,185.045579808409,445.606,8515494.32310268,430256.5,7710824.99088807
1823,185.045547488335,548.264,13197991.2877466,1631229.75,12824991.7977528
1824,185.045572860126,588.162,1677252.25305,204206.890625,1459117.54793505
1825,185.045601080415,276.67,4959639.6903369,424326.34375,4584809.66551315
1826,212.016688218649,589.4,468835.632042412,111309.28125,468828.178328126
1827,215.056249671324,538.271,36020559.8509959,408868.21875,33104580.9756964
1828,283.264276303644,211.531,124766352.754825,15272035,123357156.660457
1829,312.093915502485,588.162,3291547.00783007,423369.0625,3291532.12183007
1830,312.093955569702,551.999,867207.227444793,71606.1796875,867188.521444793
1831,324.032407058804,584.411,17835101.5570781,2696549.25,17835085.3915781
1832,345.010724855384,584.411,14551220.7439351,2341544,14551204.5784351
1833,71.0132314721391,518.347,9382612.8736538,1093810,8799653.19260881
1834,71.0132197549927,550.75,8703277.55757354,750882.5,8094162.38435709
1835,103.039911930074,455.76,182796990.405723,33944904,182606832.938126
1836,103.039924504264,544.494,15189133.9838011,297800.25,14290892.7802764
1837,136.040374082348,506.672,170514124.435732,24531054,170480373.625086
1838,136.040398690117,561.961,5066496.85333334,255947.21875,5021710.29122505
1839,136.040395713054,588.162,3452965.76033271,229695.5625,3413045.12165693
1840,151.045467579764,590.637,1825820.95802636,296762.53125,1825809.79352636
1841,168.066577512676,435.356,1329441544.22647,167505296,1328070486.09684
1842,172.024117434113,590.637,2838507.4414645,438958.53125,2838496.28310086
1843,175.024834823809,581.937,13982127.0773727,1087862.75,13622096.5685622
1844,196.866944793008,317.376,41575674.6157067,1622843.25,39133920.7618671
1845,205.832427892515,570.685,24419485.2534297,634472.375,23385552.1547468
1846,220.082696308655,551.999,12787167.9246524,1444619.125,12787146.7235274
1847,220.082720671978,588.162,12177021.8250556,718154.625,12176989.4440556
1848,256.059442063461,551.999,22322949.7619491,1985442.625,21874624.2090238
1849,258.056364935144,551.999,7183664.16584719,717995.875,6983731.09773371
1850,266.088155312951,551.999,3433155.44949832,391367.375,3433137.98249832
1851,266.08822449805,588.162,2516326.90040838,157782.921875,2516299.48040838
1852,283.078311040444,551.999,12697833.2008454,954277.8125,12697812.0078454
1853,283.078233653579,588.162,7575852.80626564,881198,7575839.16326564
1854,283.078316638664,574.454,11777441.8476763,770433.9375,11777423.0987477
1855,295.086532417481,588.162,4078898.70549088,496056.21875,4056549.47047698
1856,321.094144965161,551.999,13545783.1828799,1044546.3125,13537614.8810647
1857,321.094074126883,590.637,4826760.0954988,623924.75,4822251.025633
1858,321.09417307542,575.698,11187564.8512851,622383.8125,11179842.8697164
1859,142.050936170873,551.999,10275728.8336606,1008693.8125,10088953.4609636
1860,142.050925067943,589.4,3879659.92,525402,3759495.72665715
1861,157.050586219627,532.04,828391828.624763,70153784,824263785.899456
1862,157.050633539256,564.44,38522096.4522249,4028726,33398831.4025552
1863,194.868695914471,317.376,69218375.3518125,1759084.75,64885776.6721163
1864,203.056242553994,571.966,16001073.2431687,2432660,15281513.8248806
1865,203.056239651268,589.4,12473064.2584414,1971552.25,11937441.2084249
1866,203.834423554496,570.685,22312242.3015924,595293.1875,20900974.3564419
1867,203.834446872701,514.431,10478609.478429,616232.875,9828471.56265464
1868,257.02537750738,593.107,709051.761248043,136101.125,704301.349912578
1869,294.083292144787,588.162,38108674.3349711,4955724,38106587.1524969
1870,294.083267039538,549.507,6387073.43039063,594236.9375,6384971.48378122
1871,417.144289845573,591.872,1850008.24342898,426842.125,1849137.39675331
1872,94.0376515201969,458.368,4531649.90297655,516063.71875,2624130.08187803
1873,129.019368518948,542.007,115901856.706806,8373047.5,114255995.340964
1874,129.019389457191,560.721,78512962.9071041,4235669.5,76345570.0776481
1875,134.047192856764,499.057,527390564.678167,68742440,527117940.054172
1876,134.046954044553,464.604,5461604.91256663,725714.5625,5026794.2142551
1877,189.017032114128,583.174,6070709.13689454,666660.6875,6040101.32298787
1878,189.040539115457,588.162,7905801.51559219,1005933.6875,7592988.0000502
1879,189.04056268992,556.964,5400541.61850098,356991.78125,4875480.51786248
1880,189.040489570291,500.292,1134301.75815958,122697.46875,813779.921832893
1881,75.0081961557056,518.347,24846814.0746334,3478613.75,22239561.6434012
1882,147.030005968131,444.367,8316722.16953449,389723.65625,7084469.38762882
1883,147.029888221228,500.292,13412053.025142,725487.0625,12468068.2678168
1884,147.029957100723,559.48,32728385.6461606,1481896,31848309.3744526
1885,147.029949815685,539.51,14659385.286,1045303.4375,14098951.836375
1886,147.029944810757,584.411,47569426.129878,3529582.25,46324328.5329175
1887,147.029977908447,523.343,11929653.68615,778650.5,11284505.1436513
1888,416.140928565296,591.872,13668483.2174234,2468035,13592485.0330921
1889,387.112801789256,593.107,3575222.29760068,583701.5625,3575212.41137846
1890,123.036086779419,595.577,1614569.52744643,261671.796875,1614562.11401786
1891,168.026940180038,596.812,3097119.54135115,579217.875,3097108.41825115
1892,353.027602164071,596.812,846737.768523434,283151.5,846732.825323434
1893,77.0388177376691,595.577,9178904.87276872,1277176.5,9178893.74696873
1894,123.033719322969,595.577,2692565.02967665,464808.5625,2692555.14078776
1895,197.05508786453,596.812,2536148.21333281,473801.6875,2490088.87683626
1896,217.032808816747,595.577,8647749.24573858,1356849.875,8647736.88210222
1897,386.109279056727,593.107,24489417.1643326,3507208.75,24489401.0526897
1898,167.026066163156,595.577,9461970.3649062,1426704.625,9461956.5984062
1899,187.001228716178,596.812,8191345.20263841,1201379.375,8191328.92292413
1900,286.890610699616,604.421,238583.204825196,37768.6484375,238573.005625196
1901,152.883707037575,604.421,203332.633125001,57745.90234375,203327.530725001
1902,167.023307841167,595.577,36656175.0577401,5155191,36640937.0734732
1903,185.022192218285,604.421,121746.04191797,29522.4765625,121740.93951797
1904,206.012078871068,604.421,208019.695771876,71306.375,208014.593371876
1905,238.884879498748,603.18,327887.143458659,105943.234375,327880.797625326
1906,240.881751791287,603.18,249579.292410482,65222.26171875,249572.946577149
1907,248.054298667009,604.421,613383.142462504,152797.5,613378.040062504
1908,270.898568880823,603.18,245746.933553908,76388.9453125,245741.831153908
1909,288.909009375363,603.18,1576990.02557693,270886.03125,1562414.51025973
1910,134.917650399774,604.421,224608.319097659,58451.73046875,224601.824097659
1911,150.886665776507,604.421,263022.883696292,92948.6796875,263016.388696292
1912,156.038531398871,604.421,212622.454977542,55234.19140625,212615.959977542
1913,164.836269799802,604.421,437740.374058599,100047.25,437733.879058599
1914,167.836809715837,604.421,558911.507284725,119538.2890625,557054.435894193
1915,199.024917010254,604.421,694180.185808602,138003.8125,691703.042004739
1916,200.88946157971,604.421,364551.821309571,100927.9921875,364544.116559571
1917,224.01304460949,604.421,205164.907394534,73381.28125,205158.412394534
1918,227.9838239151,605.66,186157.308335938,60575.8671875,186150.856907367
1919,284.054293040368,606.899,341062.511440974,57306.44921875,338924.19991146
1920,96.92190940876,604.421,438545.189342884,91216.84375,438536.235565106
1921,98.9737683163219,604.421,909748.604260046,144482.921875,909740.861688618
1922,102.956727536409,604.421,185626.57307639,34788.09765625,185617.619298612
1923,120.901294357009,606.899,150317.465749722,27040.328125,145460.93106571
1924,147.043029874312,605.66,424328.598878177,116088.2109375,424320.895628177
1925,150.042098564598,590.637,40053652.234084,4852809,39986287.6855864
1926,173.831373469046,605.66,1122438.29150558,215262.46875,1122430.54893415
1927,175.828401137919,605.66,325466.021364585,82331.3515625,325459.528031251
1928,177.844842703967,605.66,259172.311869793,88956.828125,259165.818536459
1929,179.841876127947,608.315,889786.858059032,480474.53125,889777.904281255
1930,184.001880121377,605.66,304980.333390626,67603.4921875,304973.840057293
1931,193.81563721122,609.554,2243719.27382293,1323518.125,2243710.32004515
1932,198.808537469235,609.554,950078.799102128,635902.9375,950072.475530699
1933,206.001582188059,605.66,606059.18206557,159125.90625,606051.439494142
1934,212.928684610545,605.66,627493.193017364,111698.75,627484.239239587
1935,255.822336218914,608.315,727685.505421011,223913.265625,727676.551643233
1936,257.819263135599,608.315,878263.283602435,303634.84375,878254.329824657
1937,82.9714783474118,605.66,432954.636954591,97235.9453125,432945.648079591
1938,90.9354723928495,605.66,168509.199930804,59788.2890625,168502.748502233
1939,100.970925744537,605.66,290324.308716675,63700.65234375,290315.319841676
1940,113.9517692958,606.899,114132.530308036,24678.703125,114126.078879465
1941,132.920504150462,606.899,264527.588162111,57134.35546875,264521.243162111
1942,132.954379469914,605.66,958561.89375,168850.6875,958551.69375
1943,148.050135965673,605.66,875132.875422121,171385.03125,875123.886547121
1944,158.944311415365,605.66,563724.050577882,88672.125,563715.061702882
1945,169.031182650426,606.899,298227.972550783,94848.40625,298221.627550783
1946,171.834467554968,605.66,1046953.76386621,200145.28125,1046944.77499121
1947,176.826270073401,605.66,1432072.15625635,265496.71875,1432063.16738135
1948,198.892377753486,605.66,465129.788574779,106000.6875,465122.046860493
1949,204.015023207888,604.421,510566.208925294,98417.4765625,510557.220050294
1950,225.986633751402,605.66,915087.569549807,193745.328125,915078.580674807
1951,355.088643038243,604.421,916251.041977053,174161.921875,865467.352899277
1952,403.148725054924,608.315,306425.508066794,83975.7578125,306420.409666794
1953,92.927729557764,604.421,3727060.00561212,567647.625,3727048.53151212
1954,94.924816258503,604.421,3501517.83066584,582732.375,3501505.11702948
1955,97.9776794454738,604.421,459171.243461134,63423.25390625,459159.769361134
1956,99.9700234568067,605.66,518457.849625003,70046.140625,518447.616736114
1957,100.945965704675,605.66,659306.312720489,110633.0234375,659296.079831601
1958,108.937462850988,605.66,268868.031336807,48017.72265625,268857.798447918
1959,120.948845157622,604.421,673835.258398882,88431.125,673823.816126155
1960,136.891638120389,610.794,3572923.09256326,2520241,3572912.82156326
1961,142.930740787442,605.66,621761.546237306,96816.015625,621750.072137306
1962,152.012065009539,605.66,269900.457843508,67447.2421875,269891.470718508
1963,160.842059100197,609.554,5326049.9364219,3050015.5,5326039.70353301
1964,162.839177748548,609.554,5126984.74470489,2954922.75,5126974.511816
1965,168.027863649562,605.66,7607238.04463893,1215703.625,7607227.81175004
1966,168.836299168016,605.66,14195080.5441157,2439650.5,14195069.0700157
1967,172.829972390758,605.66,10926112.3291806,2078554,10926102.0962917
1968,193.02401820987,609.554,311942.795896877,90753.7265625,311937.697496877
1969,195.811031552242,609.554,38721435.5091094,22759048,38721424.0350094
1970,197.808043185498,609.554,49828232.1179157,28806628,49828220.6438157
1971,199.805097809442,609.554,23572625.5618391,13569917,23572614.0877391
1972,201.802181162046,609.554,5068877.23569649,2823999.25,5068865.76159649
1973,204.004563259159,605.66,2028935.65026911,429090.46875,2028925.41738022
1974,208.020438113333,605.66,1059246.62615664,158955.015625,1059235.15205664
1975,211.931369456907,605.66,798583.49274306,146968.921875,798573.259854171
1976,218.033244031957,608.315,470467.407835941,77527.3671875,470458.420710941
1977,228.964946151934,608.315,323791.803138116,65839.8046875,323784.214852402
1978,262.012243325371,605.66,701855.896364587,128376.4375,701845.663475698
1979,268.901457010243,605.66,584152.484284962,121105.328125,584141.010184962
1980,293.075939231855,608.315,376936.328541665,84668.1875,376929.985208332
1981,417.179681107889,608.315,181502.606928385,53021.859375,181496.263595051
1982,76.958425497996,604.421,2337442.43293098,302623.6875,2337428.47851432
1983,80.9743981539075,605.66,1520819.6228125,212805.703125,1520806.90735795
1984,97.9728492471808,605.66,1442524.4945664,184434.109375,1442511.77911186
1985,111.045181808079,604.421,1620395.41774094,293940.78125,1620382.7022864
1986,118.951726039044,604.421,2389907.0257207,287783.0625,2389893.07130403
1987,119.034942472365,551.999,38753363.3489064,3824414.5,37635350.3135566
1988,119.034951740642,589.4,17961030.819067,1916897.75,16980806.1434754
1989,122.032786393158,595.577,62843846.744703,8538216,62715975.0020273
1990,130.957322514911,605.66,2517751.302924,361859.40625,2517738.58746945
1991,134.894714813131,610.794,10959388.8563995,7440847.5,10959377.3473995
1992,140.933783432724,604.421,1864408.05481835,219439.578125,1864394.10040169
1993,147.049287698689,605.66,6694320.95084515,1056059.625,6694308.23539061
1994,170.833332735496,605.66,21690802.7051214,3619621.25,21690789.9896668
1995,182.92331147621,605.66,613311.593304242,118641.875,613298.877849697
1996,203.011833417526,604.421,8260379.15597068,1382047.25,8260365.20155401
1997,205.008773800959,605.66,2598726.42099609,463761.0625,2597740.08687483
1998,207.004064866376,610.794,472622.509172851,120748.9765625,472616.166672851
1999,215.014427152009,605.66,1801767.02227574,195583.953125,1801754.3068212
2000,226.0486853578,609.554,890553.056459254,178094.8125,890545.470744969
2001,236.978205640034,610.794,197769.655687499,61636.58984375,197764.558087499
2002,242.080170895552,608.315,2493972.6162793,421943,2493963.7866543
2003,246.057281563062,605.66,2482417.98774058,345162.78125,2482405.27228604
2004,246.897964061914,603.18,790125.045414874,106364.5234375,790111.090998207
2005,257.062713737399,600.521,2161930.46256522,203408.390625,1978418.36596485
2006,259.040448194663,605.66,1122995.296875,139286.5625,1122983.821875
2007,276.970566893511,610.794,143682.155817187,47162.0625,143677.058217187
2008,277.050856291375,606.899,479348.348803711,93968.21875,479336.873803711
2009,292.07248262655,608.315,5648263.71784896,1085831.5,5648253.48762674
2010,294.069580239995,608.315,1739443.44196045,331008.90625,1739434.61233545
2011,317.064568868839,606.899,615185.974236859,85092.9453125,615173.258782314
2012,319.099589963676,609.554,3690712.25823828,638460.5625,3690703.42861328
2013,402.078123243152,609.554,383579.366292968,99178.984375,383573.023792968
2014,82.9536724766576,608.315,646674.30980984,79025.3203125,646661.594355295
2015,126.056035132935,605.66,971777.731027646,110555.2265625,940470.309968567
2016,138.860147473313,604.421,3059449.007375,325565.71875,3059432.575375
2017,152.995874253294,610.794,1489109.02645834,288093.34375,1489098.95712501
2018,172.009876188754,609.554,1218871.8897749,258454.609375,1218863.0636499
2019,180.926297393495,605.66,1643696.07593662,241542.84375,1643683.36048208
2020,209.934298451372,604.421,2914962.33900782,415168.65625,2914948.38367449
2021,214.970419042005,610.794,290360.391125001,59889.13671875,290354.050291668
2022,216.036137842239,608.315,1358787.36734181,201256.75,1354538.55309539
2023,217.029872314379,608.315,7419346.62250217,1046128.1875,7419333.90704763
2024,219.004032249954,609.554,632307.912375005,131518.890625,632300.328375005
2025,219.045506980121,612.033,511405.56141081,146195.546875,511399.220577476
2026,232.040796746256,606.899,1100235.99717969,133031.796875,1100222.04184636
2027,254.988723936129,609.554,790235.52251123,162151.671875,790226.69638623
2028,258.056301645727,600.521,11392035.9321308,756547.3125,10160294.9415901
2029,275.054065203143,605.66,1732994.4308846,194642.71875,1732981.71543005
2030,286.912068823712,604.421,3885172.87781251,518464.5,3885157.68396635
2031,320.10038856633,609.554,835586.962640868,135905.28125,835578.136515868
2032,340.078061678853,609.554,1195567.58266668,207857.203125,1195557.51333334
2033,74.96133813527,604.421,6872267.0460717,813410.75,6872250.61221456
2034,98.9488816104658,605.66,2394016.15769591,335830.90625,2369768.85804504
2035,116.934514194848,358.427,40216714.1643055,1892053.625,36275130.06927
2036,116.934505798195,276.67,66166961.8052368,1810681.25,58104280.1642176
2037,118.95762604862,612.033,208113.144776365,45567.19921875,196030.495972714
2038,143.034987701541,313.64,25143085.186728,1442408.125,17457503.3306622
2039,192.988297822071,609.554,3228088.99321287,567261,3228078.9265462
2040,197.02206891843,609.554,3750967.47619319,591112.375,3750954.76346592
2041,210.931736102596,604.421,12097597.0894743,1684558.75,12097580.6556172
2042,213.016954376631,594.342,12368440.313121,1429598.875,11908216.5663058
2043,215.032943938847,608.315,22910825.5296625,3249965.75,22827384.0172265
2044,217.048309203414,612.033,1524401.70756026,397024.53125,1524394.12441741
2045,230.043719315919,608.315,3620354.0432193,332815.5,3620337.60936216
2046,231.077561638388,606.899,1495091.44371875,163162.9375,1495076.24802644
2047,256.059385607156,600.521,31139460.2676465,2538016.75,28330800.0080407
2048,256.095615290915,609.554,3087415.38868183,536591.4375,3087402.67595455
2049,257.043509915596,605.66,4056483.94125279,360239.0625,4056467.50739564
2050,302.101180841313,609.554,5452939.5771932,936490.625,5452926.86446592
2051,100.040205157544,551.999,26670946.3463438,2635581,26255942.8001242
2052,100.040207177176,589.4,24255303.5494461,1171378.25,23521094.0442739
2053,134.865090059693,605.66,40004736.3184743,3810541.5,38584735.8367316
2054,136.863203838707,604.421,19107695.8795947,1621336.125,19077362.3675175
2055,180.990724068097,613.271,475749.17465104,127240.328125,475742.983817707
2056,208.934708213346,604.421,28746032.1272713,3935947.75,28682078.5896281
2057,323.028718635764,584.411,199053340.252492,30647032,199044916.909158
2058,96.9695583161155,605.66,153678067.930298,16991930,151052792.122509
2059,112.016566846236,612.033,2232189.45673178,414771.875,2100618.03275654
2060,120.026828419562,616.983,431271.325161832,144104.765625,431265.014447546
2061,127.897343463939,236.591,5557108.24970141,176373.796875,5557066.84810766
2062,127.897357795428,441.714,12955451.849955,423707.84375,12955408.3660156
2063,127.8972392987,614.508,7084731.51825,647580.625,7084709.94625
2064,127.897347134099,277.904,4724547.86679511,255388.1875,4724519.06347693
2065,127.897341901597,54.3188,6973666.6732988,132288.703125,6973593.95280059
2066,127.897347970986,502.94,21640462.7710662,470837.65625,21640396.6158505
2067,127.897344773927,101.163,2233999.79595901,115410.8984375,2233976.98424136
2068,127.897350902967,183.75,6327423.93479367,160902.171875,6327373.29889623
2069,127.897356082443,559.48,9329565.00827985,458853.09375,9329536.31159803
2070,127.897335915467,318.801,9493818.24570486,306640.53125,9493759.28699375
2071,127.897342884182,210.24,2250633.13921484,167858.796875,2250616.72779818
2072,127.897335806208,383.859,3447925.15685697,283326.53125,3447907.5416262
2073,127.897283509775,596.812,5658605.23070193,574347.1875,5658587.72100962
2074,127.897363887767,115.051,1583466.03483949,129356.828125,1583450.83520313
2075,127.897369555275,128.985,1314603.53047917,137795.65625,1314590.68159028
2076,127.8973514865,369.923,2800620.69584976,183256.859375,2800602.87708053
2077,127.897334682478,573.21,4548638.3649734,380565.09375,4548624.6160734
2078,173.056687257314,614.508,271159.406091799,77276.484375,271153.070258466
2079,190.106715606667,610.794,732954.777135096,101968.6328125,715866.842967802
2080,192.023141338321,612.033,3903777.31434946,656112.8125,3885305.82413649
2081,217.035305741182,613.271,1880508.39432153,213296.078125,1816829.37830424
2082,245.033322278536,566.922,19987710.8572037,858792.25,19704193.1762735
2083,269.030819608573,612.033,495175.275892797,73954.84375,495165.055448353
2084,290.984489799092,615.746,518893.145081253,133120.421875,518888.053881253
2085,324.04943367344,615.746,1070738.43949089,269277.1875,1070732.10365756
2086,167.034991768457,583.174,31836243.5936604,3726968.75,31632682.5458666
2087,171.006457369582,609.554,40685877.0252817,6100670.5,40685859.1883484
2088,196.054335036505,593.107,42102135.8135915,3280860,41491878.058588
2089,300.12980729831,616.983,329225.616052343,124552.75,329220.527252343
2090,318.09610631793,609.554,46405673.1030989,7412927,46405655.2661656
2091,75.0330963946519,615.746,1123464.17233302,187404.1875,1123455.35758302
2092,118.903863077892,616.983,231429.475939781,39364.546875,231423.145106448
2093,119.025702535375,616.983,843561.466567389,171511.328125,843552.651817389
2094,125.90019450438,448.122,31432928.0062671,885290.1875,31432884.6191762
2095,125.900084082938,613.271,13844825.9204166,1206821.875,13844808.0937499
2096,125.900169416444,522.104,11934178.9769011,873434.5625,11934162.5719844
2097,125.900164036776,403.061,15721339.9529886,726867.5,15721310.0927159
2098,125.900135879882,559.48,29197068.2996094,985802.25,29197027.1011719
2099,125.900216232871,382.623,8389248.71361159,644197.6875,8389229.84896874
2100,125.900225027341,344.575,8472364.70570703,356159.6875,8472338.08715703
2101,125.900171105759,431.652,12604661.07225,817663.8125,12604641.6836786
2102,125.900126376489,595.577,13118831.7144471,1164164.125,13118814.2047548
2103,125.900192920576,505.418,11823994.302151,894242.1875,11823977.6599843
2104,129.066804132997,615.746,1074750.40424219,227857.453125,1074740.34735331
2105,132.86787023714,604.421,71257728.6627428,5456122.5,70218708.4058573
2106,146.045921557143,605.66,125986340.260067,21245892,125521400.859214
2107,155.035079754181,604.421,4604375.36603366,736212.125,3628302.29351235
2108,166.022515196519,595.577,434284243.32085,57815828,434234496.357135
2109,181.071742054432,614.508,2907022.09587341,528713.625,2907009.3967825
2110,184.967859429404,616.983,1540513.06818403,247198.453125,1483581.57468514
2111,194.06698330149,612.033,2523952.30320875,239954.03125,2356007.90014559
2112,221.800436976515,613.271,5584225.48786858,423028.0625,3885356.74492218
2113,349.044173035245,618.397,642701.899484708,172074.875,642695.568651375
2114,100.003870471577,446.881,60912090.3996076,4666868.5,60555880.6284065
2115,100.003824922535,553.24,52644447.4664064,2709055.75,52333603.6689123
2116,100.003822615966,499.057,88760582.9210323,3221735.25,88161934.0116943
2117,100.003827599265,575.698,51397042.0699329,2328531.25,50886001.2274123
2118,100.003825896515,539.51,31336516.0005001,2482651.5,31117570.782696
2119,124.048463582706,584.411,43118903.6205964,4633247.5,42958678.3722047
2120,124.048485189469,605.66,9673511.9742294,643686.8125,9474689.97082449
2121,133.033402610212,616.983,1865794.1902207,378121.78125,1865784.1342207
2122,139.00116380841,615.746,2611592.23655293,465478.1875,2611580.93885293
2123,154.012022206332,616.983,2371570.27029492,460915.5,2371560.21429492
2124,158.043276099661,618.397,894267.574106028,160477.25,894260.000391742
2125,191.019736847209,612.033,61190949.4243269,10422407,60707456.2473396
2126,72.0084126739678,618.397,998244.323080467,162970.703125,966825.802436375
2127,74.0321950973047,616.983,9818910.86791378,1618811.375,9818895.71534235
2128,98.9666432594111,605.66,57065192.1613937,6300309,56880076.2947106
2129,102.055902384604,605.66,5414677.9021401,719646.0625,3817499.30932197
2130,119.0233909695,615.746,12632245.9110706,2173091.5,12632231.9722372
2131,140.032801365502,619.632,758801.618230462,169561.78125,756372.782570104
2132,323.048126674757,616.983,7962031.5985505,1388539.5,7962016.44597907
2133,344.026324675118,615.746,6264062.4824121,1071004.875,6264051.0281121
2134,347.058421415809,620.868,2782067.0857,738007.0625,2782061.8553
2135,370.024788365311,619.632,395369.795563055,59573.14453125,395362.070134483
2136,119.054091759879,618.397,3732294.7395339,547324.6875,3732282.04589754
2137,131.023356073089,622.107,1173045.52745182,274511.6875,1173039.04911849
2138,173.016085407231,618.397,3182013.83987561,476832.09375,3181150.00705757
2139,348.043447137945,619.632,5825466.03580856,1028779.5,5825454.58420856
2140,228.027838307211,616.983,860321.756035158,116362.25,856529.044746252
2141,292.016036531098,618.397,3237182.54079591,504484.3125,3236320.60918083
2142,390.020012366188,623.521,357248.181579693,118829.8828125,357243.092779693
2143,150.037375040083,622.107,858262.774776129,158463.609375,858253.808651129
2144,209.004370005457,623.521,651684.100708339,179157.078125,651677.769041673
2145,348.060447557536,624.757,325483.891279686,115245.3984375,325478.801679686
2146,369.021609511613,619.632,5353878.57307096,881756.5,5353864.64248763
2147,118.022572213824,615.746,64133146.7188452,10499139,64133127.6248452
2148,149.036527311584,622.107,1763072.22322918,304728.4375,1763061.85878473
2149,170.043347804645,623.521,3038997.97141495,522769.84375,3038987.60697051
2150,214.033451707033,623.521,952227.679175779,171412.53125,951020.500188238
2151,226.760935960258,624.757,390949.904866535,130545.703125,390943.425699869
2152,304.016646418412,624.757,345467.962353128,122513.28125,345462.733553128
2153,130.022598243272,622.107,9781854.6400611,1433899.75,9781841.79187929
2154,176.817303996196,624.757,2104826.61086572,254811.96875,2029807.41337039
2155,220.767122110571,625.993,959041.510094973,259759.296875,958504.201317142
2156,310.115147932974,625.993,306937.566203128,109604.6171875,306932.479803128
2157,131.054299488844,623.521,3346090.8904828,518353.1875,3346079.4433828
2158,149.033923494561,622.107,18948689.8480121,3003299.5,18943631.3010097
2159,169.011724592616,622.107,5800999.59776205,937697.3125,5800985.50859538
2160,247.783937892309,627.23,210229.718671876,39918.40625,210223.389505209
2161,272.086735199003,627.23,184645.254085287,38333.25390625,184638.92491862
2162,365.15630519028,628.643,268907.01234297,110145.0390625,268901.92514297
2163,368.037676292274,622.107,3803638.71884133,580556.8125,3803623.3883798
2164,382.183408319898,627.23,613340.811289065,145493.328125,613334.482122398
2165,146.101656562196,628.643,377234.046017187,125866.96875,377228.957217187
2166,172.524221355777,622.107,3635974.80990988,505739.84375,3634461.52907996
2167,184.968082029387,629.879,998719.380162498,245491.546875,998714.291362498
2168,210.094238795854,628.643,306496.577930342,115815.7890625,306490.247097009
2169,222.764913156663,624.757,3478220.00049299,597841.8125,3478208.55069299
2170,224.762925190823,625.993,2625641.34525705,456783.875,2625629.89545705
2171,255.096273536642,628.643,258044.964505212,75828.6015625,258038.633671878
2172,258.782358356759,627.23,590378.954804135,144955.078125,590371.383661278
2173,363.070896431177,628.643,248665.941260094,82821.8203125,248659.610426761
2174,369.177583946012,629.879,365822.936302734,108499.453125,365817.847502734
2175,376.228540686887,628.643,857718.338844412,225332.296875,857712.008011078
2176,398.210418178722,628.643,347052.232589197,121405.078125,347045.901755864
2177,188.106169351485,628.643,2677478.55994421,468255.65625,2677470.98708706
2178,251.780221889234,628.643,358395.420916575,90695.140625,358387.848059432
2179,298.114754138876,627.23,383540.006718752,110533.3515625,382889.631599123
2180,375.225143755131,628.643,4992452.52350099,1083853.375,4992443.71137599
2181,397.206979052425,628.643,3447925.06623048,689026.625,3447916.25410548
2182,408.198749987878,628.643,279230.11467627,43614.3203125,279221.30255127
2183,119.054264321188,631.116,126656.597639648,36395.83984375,126651.646439648
2184,143.119008767132,629.879,1742348.978102,276533.65625,1742338.92387978
2185,177.047468474034,631.116,170735.980679687,35596.171875,170729.645679687
2186,189.113096597185,629.879,1130271.94776618,269268.8125,1130265.63419475
2187,227.101526364485,628.643,1380141.14282097,204958.71875,1380131.08859875
2188,249.78195538484,628.643,860282.288153649,157110.703125,860272.233931426
2189,271.091249645878,628.643,3175454.13697918,465738.71875,3175441.47031251
2190,315.055442353229,628.643,503307.091094973,101048.90625,503298.275469973
2191,333.178291974465,632.354,400142.648253905,95209.8125,400136.313253905
2192,343.181831692464,628.643,692476.498815921,166077.078125,692467.683190921
2193,367.191592932692,629.879,668944.56123158,110882.8203125,668936.984945866
2194,88.0117267590056,632.354,186167.393877343,67031.359375,186162.438677343
2195,93.0454939889985,631.116,186552.695347376,30838.29296875,186545.115633091
2196,168.047055951051,633.592,153740.98607578,47949.8203125,153736.03087578
2197,177.029038876656,631.116,934871.179921868,169080.5625,934862.359921868
2198,178.815311845228,624.757,3945858.86427778,483115.5625,3945837.32905556
2199,180.813138839318,625.993,1050869.00204557,192234.578125,1033351.45915064
2200,209.090846261228,628.643,6255059.68939418,971658.3125,6255046.99303054
2201,249.083353746053,628.643,1203738.05642578,258988.34375,1203726.75962578
2202,282.008458675245,632.354,260815.181162108,63462.80859375,260808.989495441
2203,342.178514195113,629.879,4546896.98946563,773563.5,4546885.69266563
2204,355.16033772371,632.354,783480.984140901,154400.265625,783473.404426615
2205,140.919305339451,627.23,2569630.90574038,465165.75,2562387.99091426
2206,142.917261204955,627.23,2374229.08105347,347925.0625,2357829.71100663
2207,159.07759188508,633.592,163597.832217969,66667.8671875,163592.874617969
2208,171.847728497096,625.993,5341662.10989991,540254.0625,5302067.38648131
2209,173.076044168527,631.116,293171.346049071,70068.4765625,293162.523424071
2210,197.006928120247,632.354,512099.810389159,108688.125,512090.987764159
2211,212.954931245924,633.592,190729.818439452,62146.38671875,190723.623439452
2212,213.049437718537,634.832,102099.322248438,25136.466796875,102094.364648438
2213,231.01618351357,633.592,495429.095437498,128781.15625,495422.900437498
2214,232.9833697439,632.354,339774.637261962,75872.671875,339765.814636962
2215,250.993949524963,632.354,345512.96220703,79604.1796875,345505.530778458
2216,258.982311224642,628.643,1456788.38246023,231543.578125,1456775.84427841
2217,260.98021532575,629.879,1319702.86288438,224386.015625,1319691.56248438
2218,313.113328474343,633.592,485711.090042188,152010.265625,485706.132442188
2219,326.129315618388,634.832,530907.728239063,149741.015625,530902.770639063
2220,331.113932645659,631.116,908176.769045134,131610.203125,908166.706822912
2221,361.074434407121,628.643,5887084.78569597,910056.6875,5887070.84686264
2222,364.16057700076,629.879,2782649.25626989,442381.96875,2782636.71808807
2223,368.175976364721,629.879,3564655.15057955,711592.625,3564642.61239774
2224,397.062692982104,633.592,98360.1916388672,27476.787109375,98355.2340388672
2225,78.9183509780114,627.23,4551447.3540341,624592.375,4541523.26593139
2226,99.0279088072742,634.832,330797.85639258,63236.85546875,330022.644421667
2227,145.098268375126,628.643,8932782.96584639,1399845.375,8932769.02426306
2228,146.059093529365,634.832,791682.629234933,150737.328125,791675.042663504
2229,147.066153174811,634.832,870905.878008091,160877.953125,870898.291436663
2230,176.028218594514,631.116,6421648.20521747,990784.625,6409065.18791657
2231,207.036425265863,633.592,966377.40572119,178490.984375,966368.57959619
2232,214.048902829104,634.832,602670.734332589,93709.4140625,600541.66236502
2233,216.036605946057,632.354,963749.110313925,163400.78125,953477.419928475
2234,229.044255534066,633.592,792489.159263183,163919.953125,792480.333138183
2235,238.044661733993,632.354,275104.452473958,36358.70703125,275094.230251736
2236,273.008189204592,634.832,543765.002981585,121628.4453125,543757.416410156
2237,299.097436818708,636.073,225370.230437499,70883.65625,223482.863677064
2238,309.131862304315,631.116,1545561.04446534,203820.484375,1545547.102882
2239,322.113473434188,633.592,1080177.64190649,244127.078125,1080168.81578149
2240,324.141423718876,634.832,940668.415372768,191790.6875,940660.828801339
2241,333.141827854488,633.592,584205.270833333,87015.28125,582867.102635944
2242,366.188321734554,629.879,5060913.05294908,820686.8125,5060899.11136574
2243,427.026081156811,625.993,2991399.54632477,343036.375,2991382.96018191
2244,80.9163347255468,627.23,4415170.33180275,537580.8125,4415148.62280275
2245,96.9756581357125,637.313,121989.927510939,25267.6171875,121984.825910939
2246,100.964450591688,634.832,175217.894239957,34875.96484375,171199.426106586
2247,127.051308947476,633.592,3279348.65612935,625943.25,3279338.58857379
2248,132.043208684335,637.313,293202.443340628,97800.9453125,293197.341740628
2249,190.106706414405,632.354,872132.688309714,93801.265625,837000.800720061
2250,217.029883005396,634.832,520014.141399278,103948.8515625,520006.553113564
2251,225.061679121099,636.073,242394.300150671,67469.9765625,242386.711864957
2252,230.015288327808,632.354,2808789.79388636,437506.03125,2808777.08843182
2253,253.958596379103,636.073,355125.829897461,84730.6328125,351033.596379145
2254,319.027230953844,633.592,1689194.85186545,299891.75,1689184.7843099
2255,328.027756518992,632.354,1960590.52428847,225649.203125,1950333.17894438
2256,335.129312411618,634.832,582311.826704545,80435.265625,582299.12125
2257,367.172393037791,629.879,25003773.0538478,4099538.5,25003756.4677049
2258,390.080910051743,631.116,1943677.9152404,216501.28125,1943662.73247116
2259,103.039864194811,622.107,14955704.5944278,1996760.875,13462526.8723612
2260,129.01929616288,622.107,185500228.04591,27938064,181770272.673426
2261,132.030107418109,616.983,45716887.563215,8054331.5,45618606.7126967
2262,146.065260174894,633.592,7137630.79887987,1141052.125,7137616.85362987
2263,148.033176924938,622.107,104808544.153785,15995719,104460768.476076
2264,155.059330630004,632.354,2857611.15751466,318285.4375,2857594.73572894
2265,167.043838882393,633.592,6094784.0205696,978552.625,6094771.31511506
2266,167.851574468402,625.993,12210489.8864938,1316947.625,12091517.164882
2267,169.849630087203,625.993,17290826.0791393,1760954.25,17148532.6349459
2268,188.112202785339,628.643,38432908.3226439,5938801.5,38432889.2246439
2269,190.97283164455,632.354,1678588.5867642,288590.90625,1678575.88130966
2270,193.020756618117,638.73,489027.745992189,116807.359375,489022.646792189
2271,201.9864262649,638.73,127853.043329688,33343.6953125,127847.944129688
2272,215.028422884944,638.73,318996.253054689,72388.171875,318989.908054689
2273,239.077519289459,637.313,154431.632371876,39947.92578125,154426.533171876
2274,251.960718042765,634.832,555763.659944444,128841.546875,520627.202527979
2275,285.081462845604,638.73,222646.787893751,85406.296875,222641.688693751
2276,308.097919525061,637.313,441364.183136721,111321.4765625,441357.838136721
2277,310.125822190852,637.313,424618.152312502,120210.625,424613.053112502
2278,322.0444658793,616.983,85470035.0269586,13579385,85463548.1730153
2279,325.125501088226,634.832,5842275.23377273,976685.5625,5842262.52831818
2280,334.125869061316,633.592,6420861.16944414,707457.9375,6420845.98575183
2281,347.039736178165,619.632,57468690.3497865,8320664.5,57406780.212022
2282,156.066552652663,633.592,1390513.32569253,180322.828125,1324441.7661677
2283,157.014242378599,632.354,6814523.75911413,1040386.5,6176427.53153306
2284,161.993838094557,638.73,697345.15827832,126291.5390625,694050.066276541
2285,247.048868188256,612.033,7403059.07713867,702160.1875,7379913.79880457
2286,269.964285128907,638.73,256207.383498047,85004.5546875,256201.040998047
2287,278.042637795265,639.969,876978.771703126,256447.0625,876973.675703126
2288,303.086909846678,638.73,286197.557802734,66028.7890625,286191.215302734
2289,305.011555720924,637.313,1030090.19185212,251164.265625,1030082.60528069
2290,346.055793318335,622.107,47816448.0092134,7046626.5,47584510.999807
2291,448.004180735609,627.23,2535589.45572657,259675.984375,2478731.6566583
2292,72.992544740025,446.881,77241728.8039717,4640792,75953745.2620816
2293,72.9925100211624,576.942,183346020.956073,3120751,179553098.393104
2294,72.9924928814722,499.057,53143458.3443,3314720.75,52206581.8646878
2295,73.0288255973003,616.983,279438399.893486,46097492,278680298.533931
2296,113.035655436686,638.73,5142913.58752483,913295.3125,5127374.14276159
2297,114.019592011104,638.73,3071023.61083984,489858.65625,2894744.91333008
2298,125.004413932053,641.206,322024.191757029,90011.3359375,322019.098157029
2299,126.011610064641,639.969,706387.218822807,160991.546875,706378.412045029
2300,132.049555160477,638.73,2826681.79865624,569886.5,2826670.49105624
2301,145.061884872213,633.592,132091844.404605,21080614,132050460.139123
2302,153.02810275919,638.73,2958123.5493663,528983.9375,2958113.48181074
2303,155.065620391511,632.354,20715919.1994023,1875102.375,20549155.8536656
2304,172.072891902239,631.116,9079733.2781953,860337.5625,9054873.17313762
2305,176.044168131222,631.116,6451217.1886289,633404.5,6396386.98607006
2306,250.00031505382,641.206,419992.663644529,197008.921875,419987.570044529
2307,271.004046549313,639.969,781600.306787106,221161.765625,781593.96762044
2308,304.070879806866,639.969,2098764.83392773,444035.71875,2098756.00692773
2309,311.109844764902,638.73,3361078.11182072,719266,3361068.04426516
2310,354.946194429939,639.969,311182.927310937,69544.6171875,310215.330263756
2311,78.9583551528589,619.632,3241192.09745934,149472.15625,2724181.95510892
2312,125.006748873034,639.969,890988.393239749,169516.265625,890979.568864749
2313,125.010684293899,639.969,2193972.65286524,389950.21875,2193961.36113797
2314,187.108855947286,628.643,452353303.542007,68550360,452250120.05666
2315,207.989725398276,639.969,441000.81381027,80908.625,440993.233238842
2316,228.996533508688,642.443,1575497.33480313,623094.0625,1575492.38520313
2317,246.017328197039,568.2,21120245.900597,929407.5,20914895.1644216
2318,246.017255564961,637.313,1390778.42707161,113461.5078125,1287041.32749333
2319,283.066959002751,641.206,1480658.00838624,336642.3125,1480649.18401124
2320,101.024236409504,364.74,492427905.260391,105226024,492427884.941458
2321,101.024226805259,551.999,37924732.7335079,3097647.75,37924711.5323829
2322,101.024237203193,158.395,25010949.0786594,309524.1875,25010740.4180496
2323,101.024230065096,78.3657,2809240.87527496,134520.78125,2809215.60485391
2324,101.024238198787,478.604,15203282.1952109,435812.34375,15203232.4712373
2325,101.024231109014,39.0027,2444596.63511133,139561.875,2444574.79436133
2326,101.024244658706,513.184,12587379.4449442,462344.8125,12587342.7185156
2327,101.024249533656,17.1865,3063197.69972032,151680.78125,3063170.26937332
2328,101.024245650415,434.122,38575686.8639593,2012620.25,38575613.8734235
2329,101.024236550895,92.2949,1316492.33878559,118978.96875,1316479.65067448
2330,101.024249522299,334.367,13035909.8739219,620753.125,13035877.9197552
2331,101.024229152995,571.966,32025304.5853499,1967607.25,32025284.5981499
2332,102.975546864525,642.443,655346.951674482,136923.703125,655338.120785593
2333,193.934360442677,643.68,572533.882556243,169050.15625,572528.933756243
2334,276.96867333029,642.443,1744735.94318669,311445.03125,1736737.87044718
2335,163.999901491632,641.206,3626658.42281127,643552,3626645.87644763
2336,207.014541140914,643.68,1944545.53566666,519294.5,1944539.34899999
2337,314.994038867494,643.68,744162.619999998,163835.015625,744156.433333331
2338,147.946437907191,643.68,1114744.96730079,248891.359375,1114734.87485634
2339,191.936343842709,643.68,1982889.8941336,366290.21875,1982878.5595336
2340,380.965431689486,646.155,1611024.2957066,359506.6875,1608369.6463189
2341,549.968870460954,644.917,418599.087800003,159013.4375,418594.108600003
2342,124.98556303271,642.443,3053840.42346093,424204.96875,3053826.60562759
2343,338.997437842008,646.155,699445.925557288,200849.53125,699439.706390622
2344,506.005806151983,646.155,400686.511757812,151381.40625,400681.530957812
2345,510.112636562993,647.393,800688.694531258,245737.5625,800682.474531258
2346,126.003125635913,639.969,5185740.64664618,772412.3125,5185723.09464618
2347,170.996372226426,647.393,1850140.88703321,322323.09375,1850132.18865821
2348,245.029972188859,646.155,2296094.56685716,673626.625,2296087.10628573
2349,360.979390885614,647.393,567564.499417,155377.375,567558.276917
2350,362.039620938791,647.393,208591.119980469,65644.8359375,208586.135980469
2351,527.98719161028,646.155,510708.339000004,131417.5,510700.878428575
2352,79.9566280594797,646.155,3581947.4701172,537199.875,3564072.57598714
2353,80.9644955161821,646.155,7003712.68079168,965756.75,7003702.74123612
2354,190.982501637123,646.155,1399131.57297727,249920.6875,1399120.39825
2355,191.974883638948,646.155,2027227.35522226,314027.4375,2027216.17812226
2356,223.954725579683,647.393,997587.724596288,189741.796875,996101.608114549
2357,235.98457558847,646.155,1065271.09411011,225490.828125,1065262.39223511
2358,245.945708284685,647.393,422552.755218754,117232.140625,422545.291218754
2359,337.001769345915,646.155,8992959.02851112,1950153.375,8992947.85141112
2360,358.983673153633,646.155,6826181.32771,1295851.25,6826172.62583499
2361,384.021778731151,648.667,207219.229539064,41643.6015625,207213.009539064
2362,402.946992731644,647.393,1044159.76507325,171770.1875,1044151.06319825
2363,84.045023279559,649.906,360336.047102343,107007.84375,359172.943165073
2364,168.996651457634,646.155,6214126.54350781,1043275.6875,6214112.72292448
2365,170.00123556478,646.155,8599352.63954915,1352840.875,8599338.81896582
2366,205.953017641278,646.155,3191677.96223437,491564.1875,3191665.38223437
2367,295.94321354824,648.667,1312405.20307392,191381.953125,1303785.24346436
2368,335.93596303293,649.906,312462.296236328,77685.1015625,311286.215904515
2369,105.007714397786,643.68,16940083.7443904,2464795.75,16940064.9483904
2370,134.017552510829,649.906,1043231.01284883,194746.203125,1031978.08975733
2371,150.970592801747,646.155,4697517.91467007,749396.9375,4663767.38252163
2372,222.061972480093,651.147,103879.033358203,28836.970703125,103518.109091695
2373,145.014189780667,639.969,3855815.23065638,447774.6875,3168619.6642325
2374,169.000386670484,646.155,31187533.5245118,4810669,31187515.8145118
2375,169.992933919286,646.155,41585967.3773243,5764271.5,41585949.6673243
2376,220.046247799491,653.807,199424.744777345,53686.87109375,195927.909060661
2377,72.0165605245009,653.807,359485.116375002,72267.03125,359478.763875002
2378,98.006686796206,651.147,375373.762289931,59964.296875,374772.979471541
2379,175.085445260187,656.288,433166.949563476,89435.265625,432157.760101588
2380,175.98448382272,651.147,636945.012593748,101456.1015625,636936.143593748
2381,219.974160064116,652.388,201662.802861327,38570.3515625,201655.206861327
2382,229.011915082813,632.354,55317177.8708907,7607056.5,55231474.1649878
2383,229.971562448779,646.155,7638028.41305515,808153.875,7638006.95705515
2384,239.016589051425,643.68,5785288.47817676,721682,5784177.69686475
2385,343.113780440442,657.529,354841.899149217,64140.2578125,351573.413620189
2386,348.053570093979,656.288,500599.925536245,118179.765625,499778.18276192
2387,458.151401495776,655.048,207555.249870118,81659.4765625,207548.897370118
2388,131.046170549433,638.73,66822508.3105469,11940683,66787108.3313097
2389,136.985588417519,653.807,388167.016872069,104751.734375,388158.177622069
2390,139.039977791134,647.393,2487881.6402207,380561.375,2400844.43677803
2391,141.996763117279,652.388,270629.497656249,33404.75,270619.385656249
2392,189.979134628237,646.155,53324383.6687324,6994118,53321430.3165309
2393,283.11460482514,656.288,396853.651778644,106012.1640625,396847.300111977
2394,117.007928304452,653.807,1132595.524833,223017.4375,1132584.169533
2395,157.061856212488,657.529,245220.618455077,86962.2578125,245215.656055077
2396,172.02515921911,649.906,1551870.16907878,234793.546875,1551856.32924545
2397,176.092571660142,656.288,194333.856549478,51149.078125,194327.504882811
2398,222.070273213818,658.769,379262.104907291,70926.2734375,375198.910356802
2399,242.075976814312,657.529,94404.892655273,23840.55859375,94399.930255273
2400,278.999538597423,657.529,396485.681864581,115377.25,396479.330197914
2401,320.060596241923,657.529,282042.420002929,96831.8125,282037.457602929
2402,517.207980512847,657.529,142157.901876562,33105.5390625,142152.939476562
2403,212.954857260965,658.769,266188.122908205,93543.75,266183.158908205
2404,279.997342062093,657.529,246322.352457032,72934.4765625,246316.147457032
2405,302.03474364536,657.529,268242.961982423,72879.5703125,268236.756982423
2406,116.006978491821,653.807,5581515.47006103,1021709.4375,5581501.62656103
2407,132.085931075769,657.529,1078839.16172286,194770.421875,1078827.83162286
2408,160.061572858871,633.592,2762035.88550755,259668.515625,2593153.39846557
2409,166.009726575815,658.769,184691.39130306,63242.8984375,184685.185469727
2410,188.017698152375,657.529,326898.445366071,70160.328125,326890.998508928
2411,199.001235050072,658.769,214164.154362956,73887.6328125,214157.948529622
2412,220.983206610507,658.769,787298.076050779,138963.03125,786846.734523347
2413,448.156786450898,658.769,317661.709928571,63622.68359375,317654.263071428
2414,104.006793202457,643.68,49862094.5597053,6734832,49855150.5808428
2415,105.032202587898,658.769,328774.446890624,75665.8046875,328765.598890624
2416,106.039449857868,657.529,621765.495832245,108641.109375,621755.246054468
2417,175.091692326138,657.529,3589790.88676226,528478.75,3589778.14767135
2418,231.059895056294,657.529,876006.664251081,192320.234375,875996.414473303
2419,236.063000569742,657.529,651651.569408743,126509.8515625,651641.319630965
2420,247.989945757498,660.01,292794.287943917,59394.8125,292786.684229631
2421,281.004333600371,658.769,677206.515910865,120893.2734375,676479.964530419
2422,516.204631063404,657.529,1510817.21562625,261286.046875,1510805.75044443
2423,160.962147325421,658.769,1161494.56461211,171085.5,1151694.49650644
2424,196.070287856873,657.529,3920080.89757815,639334.625,3920066.91291148
2425,289.054382790443,662.495,82492.2790271488,19219.564453125,82111.1225788438
2426,355.978179391708,658.769,466428.069595313,81408.359375,466416.572995313
2427,363.090825444582,661.253,318836.126222657,76612.5859375,318827.276472657
2428,385.112924951128,661.253,412032.983556249,69780.921875,412024.162156249
2429,447.155151624949,658.769,1709527.46326348,271828.0625,1709515.96666348
2430,144.027792816703,658.769,1536286.87982004,222059.828125,1536274.13709277
2431,244.052068453712,658.769,350253.717617113,57041.6640625,349011.527646457
2432,260.02576473029,658.769,2467973.74931346,409940.75,2467959.76281346
2433,377.085716694378,661.253,1180861.55240429,120158.4609375,1180845.08140429
2434,446.151580649931,658.769,10328161.8381295,1564736.125,10328146.6082834
2435,72.0084706692339,658.769,1531840.69385758,209468.859375,1509495.54647981
2436,105.038528465835,657.529,3888883.53442291,648163.125,3887350.31041589
2437,221.054882315861,647.393,2366650.70082742,398625.53125,2363693.43862082
2438,221.055357065319,666.405,556747.510931341,69469.296875,553781.080447882
2439,536.155091058905,660.01,3031173.66084375,302933.96875,3031157.18427233
2440,124.007296786983,639.969,126304996.194791,18358044,126291286.19336
2441,162.048977916016,661.253,1429538.08814814,189513.40625,1418785.77851221
2442,263.077307356536,660.01,2936145.76547201,249947.1875,2936124.28974979
2443,342.112301252431,661.253,3785917.04898466,272337.125,3785891.85755609
2444,387.114463165768,660.01,2141076.73903494,162400.328125,2141055.26331272
2445,404.104595605137,661.253,3068556.09259053,288454,3068535.85635524
2446,535.151780663293,660.01,16101188.638498,1515525,16099984.0132177
2447,140.9806265435,666.405,290749.5520542,63077.91015625,289262.179480134
2448,243.048595969514,660.01,7135691.3007897,612223.0625,7135664.86465333
2449,261.022727514037,666.405,109463.111930827,20717.3671875,109456.742764161
2450,281.087750388211,661.253,3447919.31036487,297909.625,3440315.34733272
2451,131.082558700443,657.529,19992921.5328281,2810583,19992903.7948281
2452,278.000449454743,658.769,7209087.97007294,988549.125,7209068.98207294
2453,406.543097654279,667.65,1180761.41997884,192389.671875,1178649.87648896
2454,444.97750619371,665.162,418920.393209161,63224.03125,414460.221752166
2455,149.045461778043,660.01,2495819.6643089,166322.71875,2421969.05457637
2456,153.016942788041,662.495,1047284.16606914,97849.2421875,1042761.54962142
2457,174.088371407031,657.529,57046878.33468,8637915,57037563.9000416
2458,221.066711047858,660.01,10577236.6512448,744027.25,10577207.6732448
2459,270.692819591693,667.65,379326.275012208,60596.6171875,378355.112426289
2460,341.108982542348,660.01,27503616.4509122,2051667.875,27480324.8120318
2461,470.969459242298,668.894,282886.381155598,57242.53515625,282878.870488931
2462,179.056163246019,660.01,14771212.1310507,1000504.875,14604751.6705728
2463,179.056160303723,634.832,7547374.308048,568970.5,7423541.8115457
2464,212.999476765482,668.894,448558.379912108,64871.7578125,447489.176760523
2465,448.988409500122,668.894,1488149.40678369,192655.015625,1474378.71712008
2466,154.99620685485,662.495,908396.362990381,132417.5,907244.540651235
2467,428.009965087325,670.138,1495996.69552057,178344.609375,1488968.48973999
2468,97.0292525403749,661.253,1245170.76629668,115714.515625,1059121.28799668
2469,112.040372414621,652.388,2192220.15825847,217120.25,1994475.21897859
2470,112.040411477678,634.832,1984939.14977795,175415.46875,1786310.71679846
2471,179.019803273871,670.138,844341.252174478,145825.546875,840935.276141647
2472,201.040437836721,647.393,2663313.26022656,418843.28125,2332623.18219997
2473,215.017460207643,663.919,7289822.01056484,397473.46875,7281266.60423333
2474,163.024783569715,649.906,1410100.43248242,176255.25,1379157.9121423
2475,195.039415592312,661.253,13724036.6181773,739179,13702087.2557518
2476,292.986878465677,676.427,348515.538655076,99009.53125,348510.568255076
2477,232.01563404221,676.427,203942.73892461,87871.7734375,203937.77012461
2478,252.994167033073,676.427,197126.654470051,34020.09375,197120.442803384
2479,358.958549515977,676.427,428721.766374438,98532.640625,428714.280088724
2480,398.950873943501,676.427,235926.760246743,82660.375,235920.548580077
2481,87.0083786364766,631.116,16746318.2340261,2413406.5,14441301.7175575
2482,88.0399710319347,648.667,8175574.21124621,1140384.625,7794263.95757059
2483,104.011407726448,676.427,592425.085329585,119525.8515625,592416.323954585
2484,140.011813046215,639.969,15568970.5323093,1603111.75,15568949.2643093
2485,194.038695778689,660.01,67241356.3933875,3245246.25,67218687.8009041
2486,271.004914414298,676.427,716474.258780634,148176.375,716465.497405634
2487,292.891607821392,671.421,1866421.9921166,139029.171875,1727673.99772374
2488,426.022255477544,623.521,33467993.869454,2822244,33271814.7784473
2489,71.0131976658647,653.807,15899392.5563574,2111799.25,15631672.114972
2490,71.0131514292333,615.746,3533244.31916991,336888.8125,3200721.71632275
2491,71.013227996922,633.592,4348043.7071394,315788.3125,4081381.50160116
2492,100.040198711691,634.832,7209776.88060267,464831.21875,6566237.79138767
2493,115.003620251796,653.807,136896982.235819,23247820,136288632.322416
2494,118.050857622889,618.397,98485778.4689612,12667311,98290012.8289755
2495,118.050956430472,655.048,10729321.4225694,887053.5625,10426652.8140027
2496,155.947050086084,671.421,2769184.64588086,148782.578125,2399555.78251936
2497,174.962213604903,676.427,3073642.66445864,223592.28125,2783554.01608252
2498,175.024839514218,631.116,94423971.9679106,14526926,94212804.5570632
2499,175.024828552077,661.253,12042918.262375,500524.34375,11639029.7692352
2500,175.024818019436,605.66,4106513.42813327,336701.0625,3882765.14301926
2501,211.034407732107,676.427,1659646.44887978,282335.6875,1659636.41065755
2502,218.963507013243,672.701,3006805.62943751,192704.609375,2543757.71836608
2503,231.012286905548,676.427,4802614.35788354,852581.4375,4801886.23787455
2504,233.92428192221,673.944,4766194.64979168,285401.53125,4359487.84654168
2505,235.953647288753,675.185,1764302.09850621,119740.578125,1583007.8412982
2506,259.022369108045,658.769,36343455.7662783,5308078.5,36242735.7597227
2507,310.902225521209,675.185,4895045.50307825,323330.90625,4667210.66419714
2508,113.024431018852,660.01,22807937.1107461,1078523.875,21709374.0315489
2509,113.024458778156,632.354,11394982.6645781,1042863.8125,10707426.930329
2510,113.024428409693,613.271,4738542.76376048,448915.625,4052469.87543984
2511,116.035270653393,655.048,3597911.06542462,474041.5625,3439552.17460085
2512,167.997102210319,646.155,916713149.927721,132960648,916642208.375635
2513,167.997354276132,675.185,6206263.14417523,872393.75,6114823.85985491
2514,227.004963837605,678.914,1120289.98962456,91816.234375,1105974.5529793
2515,245.015352971647,678.914,862409.463386101,94633.7890625,860646.113784928
2516,133.014205240334,649.906,31022698.3483333,5630657.5,30971879.0313491
2517,133.014262964972,670.138,11340165.2644687,797023,11282780.6593928
2518,193.035315845557,660.01,1013909269.2004,48326060,1012524605.20834
2519,119.034955230924,633.592,5765567.42488018,412570.9375,4969489.42164413
2520,210.033712168743,676.427,7297597.42506361,1289904.5,7297581.13884932
2521,322.92992702102,685.192,775729.746495311,236782.453125,775724.753695311
2522,265.002023506009,685.192,431113.767852451,64892.58203125,429524.882233207
2523,356.939415500213,685.192,639524.739882812,136742.28125,639518.501549478
2524,71.0495134700188,683.953,1276759.37076661,252336.609375,1272274.3617086
2525,138.980186106302,686.433,844897.352828779,206989.46875,840091.920579981
2526,149.009096712028,682.714,4302408.0126456,803372.375,4302395.52173651
2527,156.936336316208,685.192,504250.847059898,137356.421875,504240.844393231
2528,334.957731794314,685.192,1809600.45654577,502458.59375,1809592.9711172
2529,222.932522422545,685.192,632727.270163575,129226.7734375,632718.503538575
2530,226.941746823801,685.192,2009590.72609896,459767.75,2009580.68343229
2531,290.92430657522,687.675,188357.543055468,65643.125,188352.534255468
2532,356.896037799887,687.675,292732.168084636,55265.37109375,291698.390773844
2533,99.0448401423524,683.953,3022185.24947173,300185.625,2835724.59906358
2534,148.964414615836,685.192,1916173.23665838,391179.59375,1916160.67120384
2535,168.979267794376,685.192,2363483.2352152,458189.09375,2363470.66976065
2536,200.986427831382,685.192,1938418.2126503,391259.15625,1938406.8897503
2537,210.938928198736,685.192,2413755.82130274,307106.25,2413742.01080274
2538,228.949362231826,685.192,1285401.54156914,226362.4375,1285390.21866914
2539,234.928285689515,690.167,131808.461567578,35456.375,128905.978173407
2540,250.931635243515,685.192,1974565.06836186,286513.28125,1974552.50290732
2541,316.903351805779,688.92,166800.973127832,45109.30078125,165899.329766692
2542,74.0241514154155,660.01,9234227.0300098,1194117.375,8818778.38978095
2543,104.035163831874,658.769,82964410.3043789,12191447,82483046.3338852
2544,126.027690884584,683.953,2929296.91062021,301607.1875,2929273.08272021
2545,167.978453502583,685.192,7224680.61799316,1293752.5,7224664.32249316
2546,188.957057636437,685.192,15077523.3722871,2217564,15075294.7745409
2547,220.054280008023,647.393,16085465.7719697,2541299.5,15974268.7761038
2548,220.054405438076,668.894,5760729.41006835,510501.1875,5649944.94757645
2549,220.054332937537,687.675,1978651.72188883,203791.953125,1894237.36333345
2550,244.952376015834,685.192,13248467.2242612,2918217.5,13248452.1725688
2551,277.056436206258,686.433,4539541.66891113,765587.4375,4466748.27058158
2552,313.931336051658,688.92,337525.180903232,83404.1328125,281703.471968518
2553,98.024530711932,633.592,12844777.0945781,989154.1875,12124642.6396257
2554,98.0244833221995,652.388,8798867.74403353,886709,8170357.76246539
2555,103.003441696379,643.68,1823463209.53774,253820720,1823067949.58023
2556,114.056027266469,581.937,71225490.5848065,9673364,71080362.6013145
2557,117.019203352399,616.983,1449310945.72806,234638736,1448873543.52745
2558,130.050876743543,623.521,73776660.6691655,10836711,73692116.9654372
2559,130.050945325826,690.167,870933.045534959,145939.53125,821983.122838567
2560,132.867873261544,667.65,3745310.30652814,318775.1875,3250036.97980883
2561,132.867839894426,690.167,2434535.67500859,341547,1989660.8541166
2562,161.045570396857,661.253,41305632.7629428,2788238.75,39559403.1162535
2563,165.01916058124,595.577,4910876564.39567,659886720,4910630031.39605
2564,165.019326273396,687.675,5327129.40639386,381325.0625,5080500.7513531
2565,165.019314339819,652.388,4566928.04175722,341714.6875,4363073.63575578
2566,165.019348245171,632.354,77457688.9047689,16242569,77016498.5281173
2567,207.039319093544,683.953,25587724.0613281,3034154.5,25566355.649079
2568,209.030323700734,676.427,118592545.306176,19780258,118526377.685263
2569,233.924292234996,690.167,1705449.1785201,295240.75,1588101.2403701
2570,116.071688280589,571.966,106114026.703609,14679370,105789139.35856
2571,123.045173683442,584.411,573006446.038322,60156304,572659205.195197
2572,123.045202840362,632.354,45314859.5724289,2517818.5,44861643.920101
2573,123.04518898755,690.167,3550117.57821994,347787.3125,3317789.44323767
2574,123.045190616734,605.66,126413987.187471,8049602,126062276.842673
2575,123.045151858984,653.807,12009633.0014167,831079.375,11698174.9497266
2576,131.034951542405,658.769,17077454.189213,619523.1875,13630232.9674703
2577,147.029799709532,622.107,1870848915.97051,285554752,1870167230.50011
2578,147.029907891291,652.388,34134550.1798,3668414.25,32827004.0028667
2579,154.947423194498,672.701,22509936.0811269,1305302.375,18633339.177817
2580,154.947419229292,690.167,10135282.2732358,1438900.875,7803259.17050097
2581,174.954740645939,690.167,74936280.6082455,1058208.75,56432741.6496429
2582,195.050937098107,594.342,439758273.314534,45154056,439195341.575081
2583,195.051059676129,677.67,42959203.1261328,1330623.625,41028054.5161092
2584,195.051081886144,560.721,103435590.17025,4159965.75,102478407.394273
2585,219.050931166798,647.393,189727373.221719,31472104,188561571.466518
2586,219.051070913086,667.65,73180414.4568233,5536370,71876388.8920282
2587,219.050974678936,686.433,28883509.0887626,2507480.5,27801456.135541
2588,227.017471558209,682.714,6275207.52398789,506937.15625,6248501.82894758
2589,232.924743363671,690.167,54332961.2583329,2120001.25,47196246.4640693
2590,125.024362994679,683.953,49297098.9442322,4802378,47492059.6850712
2591,125.89921386767,695.215,1606704.14238125,378712.5,1606699.14958125
2592,187.024843287237,683.953,19070974.6218348,2110113.25,18848155.786205
2593,189.103346771852,628.643,36462015.2341174,720058.125,34340756.0508594
2594,78.958502895736,685.192,42169446.984145,7066240,42045960.9142558
2595,87.008185303864,683.953,11514824.5289474,1040776.25,8438797.03277181
2596,112.985666742959,696.456,1029537.2184375,195851.9375,1009633.77778628
2597,128.035331736206,649.906,2901187.54500002,957871.4375,2537039.98754466
2598,128.03536863996,605.66,7741991.88588853,864192.9375,5905367.23036666
2599,154.062245428571,632.354,306859091.99829,27310250,305881043.961605
2600,154.062246946193,690.167,8524761.42431448,1237530.75,7916348.33667999
2601,154.062200503085,656.288,29533410.2411104,2388776.75,28609533.5232185
2602,154.062270105407,676.427,17571937.6331999,1162503.375,16757806.5373287
2603,172.957911137538,677.67,441559363.690616,13033690,433826016.499991
2604,427.006175757013,670.138,18859054.6646029,1386349.625,18508236.6721684
2605,113.013074409597,698.932,2074852.31240626,345214.6875,2074842.36040626
2606,216.973022489543,697.694,1862603.12193751,399731.5,1845411.38583174
2607,111.008776173382,698.932,364167919.017404,46429844,363210731.53386
2608,128.011615681632,698.932,4106877.47568752,801076.25,4106866.27968752
2609,151.001314556108,697.694,3804794.21970187,877768,3789439.81463055
2610,261.941852831638,698.932,2932904.81156676,489787.5,2932892.37247585
2611,276.018443822143,701.445,2685178.66276801,493537.3125,2679339.83535997
2612,194.991205665946,698.932,7665570.81631097,1245961.375,7657225.92472846
2613,131.026031672643,698.932,3057479.92417982,466375.65625,3050681.84468846
2614,227.043946213806,705.176,325233.163980715,86653.90625,324811.391751629
2615,245.045520796973,706.419,314889.466281251,81092.1484375,314884.347881251
2616,445.129011291426,705.176,210460.784195704,95390.6640625,210455.665795704
2617,128.071748725176,706.419,221495.596837647,58454.69921875,211883.625865107
2618,136.952526744173,706.419,118404.217333009,33840.3203125,118399.093333009
2619,191.092213842668,705.176,800269.460039061,160242.78125,800261.835753347
2620,423.147497873832,705.176,310718.508174525,103179.765625,310710.883888811
2621,97.9592278170748,707.844,157036.746099936,45725.4765625,157030.330266603
2622,180.942522387308,707.844,165222.487305666,50112.6015625,165216.071472332
2623,212.073548743578,706.419,757559.080311032,136700.21875,757550.164936032
2624,309.037611767259,707.844,454916.152426925,99621.0234375,454909.736593591
2625,353.001700124895,707.844,211967.944652343,65474.875,211962.778252343
2626,98.9556990159328,707.844,1311695.37571778,263223.625,1311686.45946778
2627,176.016940014408,698.932,4217210.53999429,687388.125,4217192.90199429
2628,224.906507852948,709.091,438834.056625979,84532.3125,437979.812270205
2629,264.898816018782,709.091,227074.3916875,52366.1640625,227067.9691875
2630,317.034331625117,705.176,1366691.4424921,194643.9375,1366678.76832543
2631,357.026762890074,707.844,298460.920640191,66164.8125,296982.870568251
2632,158.934581546377,707.844,1257507.40470351,194418.5625,1257495.98640351
2633,330.871071464506,709.091,117103.480811383,39226.26953125,117097.083668526
2634,422.998507811244,706.419,624198.266502534,97361.578125,624186.848202534
2635,341.078046653908,710.34,264253.812241819,50382.15625,264244.882866819
2636,414.531394653917,700.172,6849060.9217422,824516.6875,6846668.69237406
2637,86.0324423184633,698.932,9518942.97966213,1374583.875,9469669.17383172
2638,131.023608244375,698.932,18016684.3668522,2468675.5,17888490.3353822
2639,165.030605867462,714.132,114375.883990722,19388.4453125,111208.594514759
2640,234.928330243853,712.883,171157.291332715,27301.099609375,168325.951007711
2641,294.88817916405,714.132,97825.2412540033,17591.3515625,96981.8573229469
2642,112.012152092139,698.932,21057671.8478873,2426754.5,20999216.6119252
2643,199.03604239412,716.63,84256.4103766739,17915.087890625,84250.0360909596
2644,251.06254835214,705.176,2756587.80632323,390423.25,2755923.32792726
2645,154.998666497136,715.381,492769.414334181,79744.0703125,485554.854172068
2646,118.942000597226,706.419,4245010.44889077,708237.3125,4238396.53057107
2647,190.091451107069,705.176,9912684.08992383,1394020.625,9912666.40292384
2648,167.02252613216,720.558,119663.825967896,16987.19140625,117810.712400879
2649,138.970697303208,716.63,762532.907297364,85772.9765625,754107.169817767
2650,158.009544983658,709.091,709994.295665865,101347.5625,688687.214448458
2651,211.070085411317,705.176,13485807.3503726,1909254.75,13485790.9013726
2652,88.9876475439604,705.176,2964432.24277278,477426.78125,2943035.4588087
2653,192.023118467426,706.419,2314608.70619642,264975.1875,2281698.34603786
2654,112.987805915312,728.455,180893.122171876,44749.79296875,180885.454171876
2655,184.02509328777,720.558,417705.05183482,51294.11328125,389631.591764614
2656,189.088136798779,705.176,131984536.446896,20257246,131894958.329274
2657,220.018017815503,728.455,414453.178177082,76647.328125,410661.2532784
2658,269.955076443596,730.944,175051.058135154,57981.921875,175045.755735154
2659,291.033826206419,732.227,884634.252676041,91274.921875,858596.10183459
2660,178.996243982594,729.7,553655.477990477,93696.625,553646.403365477
2661,328.916881104322,733.655,206912.611502511,46264.00390625,206906.223645368
2662,342.933630191298,732.227,110789.814345702,27384.8046875,110784.658345702
2663,113.024428355851,729.7,21762803.8235743,3110714,21082417.1180282
2664,114.027717207357,729.7,1088395.22217628,171872.796875,1084322.65545215
2665,129.05802835395,733.655,126990.2820875,31961.283203125,126985.1236875
2666,182.993509083981,729.7,810266.685039848,137947.265625,785210.365706617
2667,195.99437589203,732.227,192091.397747721,59373.27734375,192084.986914388
2668,250.948471562042,732.227,122086.55038125,36604.203125,122081.39198125
2669,322.937320940334,732.227,681302.55701953,131794.796875,681294.73901953
2670,203.008148969192,729.7,1508461.86584713,245541.25,1508449.03221077
2671,362.929987243381,732.227,490518.817596679,72334.25,490509.742971679
2672,202.007526176624,729.7,9884566.55070722,1499762.5,9884548.50284055
2673,256.965673901771,732.227,823603.959576558,142655.953125,823592.378376559
2674,308.920397589097,734.9,275455.310807292,66222.515625,275448.892473958
2675,428.901161785957,733.655,481082.99145117,96239.3515625,481071.41025117
2676,194.028917327057,736.148,145398.114098632,53291.63671875,142010.140214508
2677,175.013205583898,698.932,68349326.8340187,8425466,68343863.9773597
2678,175.013208210684,732.227,4896226.1216325,580061.5625,4888044.97176601
2679,194.991124468781,732.227,4769799.40597146,736810.3125,4762534.47095184
2680,86.0324108688227,732.227,2382295.39377852,407114.375,2338680.66599885
2681,241.997724080761,736.148,1181440.47276211,188359.234375,1181428.84386211
2682,166.975060568661,685.192,228070500.856069,37805092,228017457.038856
2683,194.028670717503,742.435,65419.6643570317,17911.060546875,64269.340878251
2684,334.020424377907,742.435,147138.218147252,18460.568359375,146018.925992419
2685,89.9407014303515,743.865,167223.698011718,43626.4921875,133645.979171457
2686,167.018019771554,734.9,1082871.33406432,69411.359375,1032874.09506192
2687,220.018032998498,746.546,182689.650977343,55321.1328125,182684.219777343
2688,287.031058033573,743.865,564677.986468865,51722.65625,527444.064111957
2689,157.014215964032,729.7,19207143.4735379,2716276.25,19069622.1821731
2690,201.004151606341,729.7,125568755.36758,18557060,125568733.496017
2691,380.005975613922,746.546,190224.24357422,44392.29296875,190216.28757422
2692,158.99352008579,746.546,298542.579196431,53268.83984375,298534.624910717
2693,130.022666559239,698.932,130148210.355601,16021324,130000762.570555
2694,130.022611318644,732.227,28386055.3603087,4668240.5,28235581.2809292
2695,208.934740132624,714.132,1583057.19100684,103063.1328125,1325605.90448429
2696,293.019531823633,749.224,926644.029104565,99393.0859375,851614.544956496
2697,96.9598474739434,706.419,29737770.3560251,4686364.5,29555386.9701751
2698,219.014651672413,729.7,8640212.08787497,1243048.625,8640195.29187497
2699,219.014695422321,746.546,4355631.98750098,601111,4355613.57050098
2700,201.040566801412,746.546,797796.580825349,62823.15625,717978.48260983
2701,290.002395448935,753.142,1023018.62786932,132063.59375,1018960.85624942
2702,149.035663433711,732.227,3138710.55063669,104262.015625,3097578.65686146
2703,310.902346287103,711.634,4636025.40080568,289141.34375,3846785.66900421
2704,174.012486648952,698.932,394134062.484425,48528232,394059985.764098
2705,174.012469377744,732.227,27838853.3998076,2914854.25,27719170.1174114
2706,166.965640982269,765.967,3467674.65496274,428561.5625,3467658.20717703
2707,355.030741277408,753.142,1144796.88117774,102596.7109375,1114257.81181063
2708,206.038668094013,683.953,142367151.841084,17144978,142287181.03146
2709,206.038776031045,709.091,7789859.0353865,597344.3125,7699858.8604488
2710,157.05948672157,759.555,1506446.27094296,120452.5546875,1395181.27076823
2711,124.016399470202,768.502,1830242.57519809,63556.73046875,1629992.77916007
2712,144.066679860686,787.376,176862.480284422,36850.03125,167503.940304836
2713,245.012612278656,739.894,5324586.61520912,130887.953125,4834394.94056822
2714,271.009487426595,796.194,463514.855123697,70428.359375,462636.422233839
2715,340.963941175399,738.646,1726134.23026654,118809.5859375,1639784.09136619
2716,340.963994666286,720.558,848229.450356097,67267.6875,781120.749264222
2717,318.991274423993,803.868,244335.781432617,42784.91796875,244326.842432617
2718,193.025527503593,723.281,13497058.0822086,403020.71875,13417754.8988248
2719,193.025576267332,797.442,3518932.53922333,140814.234375,3429795.29698118
2720,168.006436750134,755.633,2362586.84182665,174857.578125,2145947.93966887
2721,340.039195660338,758.309,3981218.53690625,251692.421875,3958492.98786463
2722,214.832844634961,691.453,5011973.82015143,390894.5625,4582958.2014026
2723,214.832607808393,615.746,4852859.74284191,454103.1875,4355523.41217477
2724,144.04559011658,824.35,63276.6747296875,12462.2998046875,63271.4939296875
2725,268.939492515108,802.62,499449.001278893,57749.56640625,479332.279839548
2726,194.009491226873,737.398,19720923.3275451,368997.71875,19236639.0509455
2727,293.020922778869,824.35,55388.8071521476,12866.3662109375,55383.4767521476
2728,337.02043271586,759.555,8266965.81822157,298164.84375,8129698.14376239
2729,176.894938849356,840.001,111846.148518414,16092.560546875,106894.44920137
2730,168.030297516682,723.281,13364060.5312007,316826.3125,13108975.9632762
2731,288.015076385391,749.224,15739025.7941063,365997.75,15629726.3547711
2732,288.015014156262,824.35,679980.023410272,62235.859375,654283.472505886
2733,288.015035104536,846.484,313733.597293836,29898.287109375,291988.522242464
2734,238.891935609426,846.484,412128.579947533,69954.359375,411524.251205479
2735,158.925490237372,854.36,219762.457995003,41293.0859375,218772.186831772
2736,318.85820072087,853.109,657443.895434945,90633.5,656606.255451802
2737,292.018201512904,753.142,16486588.6118551,716687.625,16390565.012091
2738,292.018241764506,793.656,6581552.44203947,352211.03125,6499480.50943032
2739,293.891218646565,867.333,117351.600343053,31034.00390625,111503.093383491
2740,288.999124277744,755.633,19029597.3465401,929676.6875,18963751.4890053
2741,288.999133125541,792.367,7158162.88361305,477217.28125,7105617.18274612
2742,139.003713398746,749.224,13679319.4904948,541753.0625,13260799.3020542
2743,196.910173758249,823.1,5308814.181371,123321.2265625,5183377.71009487
2744,290.030772953774,743.865,15641902.752875,718819.125,15601580.765557
2745,290.030636392282,849.171,896951.050835004,64276.24609375,856676.218565569
2746,290.030801083203,800.122,2257423.66583155,158470.21875,2226826.21417247
2747,290.030785101212,724.529,5828340.95839422,509304.3125,5795593.5856617
2748,288.998808709051,897.203,79779.0138005864,31030.796875,79773.9650005864
2749,339.035915524073,758.309,26327982.8636448,1281134.25,26318107.9700152
2750,339.035776328626,877.579,603516.174853518,41568.11328125,597993.392332236
2751,339.035953486724,788.623,7272090.05282811,545101.6875,7267760.79658666
2752,339.035895651951,803.868,4775235.97381513,363621.4375,4770834.09151958
2753,339.035841113539,830.829,2394729.05341105,184602.3125,2389873.14069096
2754,339.035892736488,862.098,962453.121871993,73161.8671875,957646.666469467
2755,580.813560188654,900.964,49580.7835851561,10601.869140625,49575.6211851561
2756,464.830575546149,903.656,84618.4945129877,34915.78125,84613.2969129877
2757,255.014736390621,904.91,227224.564646206,42566.8984375,227216.84693192
2758,344.877340777339,925.48,693820.173848956,76909.0703125,669119.539055987
2759,273.883153498779,802.62,5430731.47655805,260137.140625,4886574.46971437
2760,123.045193951508,710.34,4640567.45045874,228013.546875,3598762.6186251
2761,166.014590934012,738.646,14313864.1115454,653387.125,14240696.8958729
2762,166.01460602081,719.309,7151374.88692384,478037.6875,7094900.20999614
2763,166.014587365504,789.87,2888096.89757701,209314.359375,2841385.89704195
2764,291.014811286333,755.633,268234351.73234,4905425,267839929.951953
2765,232.009979602658,759.555,7234358.24930175,305536.59375,7155764.92441308
2766,232.009929973267,821.666,2567170.99102823,189507.140625,2536496.97094583
2767,357.026969420882,956.691,312773.698755579,42315.265625,310172.174697514
2768,291.055083395457,957.943,116026.647218262,14050.958984375,116016.444018262
2769,313.185981303513,957.943,377340.851015556,52776.1015625,376929.535834522
2770,397.019021137496,957.943,118485.638659722,26429.14453125,118476.551104166
2771,502.983779975,957.943,124232.829229981,14255.2353515625,124221.184129981
2772,241.086252193353,957.943,259730.018908773,37204.1640625,259715.86007544
2773,462.991432721601,961.701,77798.3565245359,14574.724609375,77412.0300287278
2774,171.018257651437,758.309,13331983.0924509,574153.625,13231258.6637541
2775,171.018319517743,787.376,6428813.83960711,427383.15625,6377955.1711284
2776,171.01827662326,837.313,3115066.58942384,189042.59375,3055456.57097296
2777,146.095340486279,961.701,192112.550226563,39942.59375,190229.484709629
2778,306.897496720051,964.392,72616.6280691964,12959.3115234375,70758.5582792321
2779,230.075794825631,957.943,1021349.4852435,84473.4765625,1018492.35185079
2780,127.014933635259,968.197,103406.359998372,24891.369140625,92745.601817332
2781,213.085666368926,956.691,688118.08110737,54664.28125,687230.706877736
2782,168.002029797963,754.388,31430016.4791893,454955.84375,31221551.8290799
2783,168.00202276656,875.03,1253369.54394531,93311.8125,1224702.05728378
2784,319.063584085875,957.943,2011974.70389961,145446.078125,2009821.71886646
2785,229.0805548477,956.691,1718512.44720323,129630.921875,1717609.77926772
2786,185.090722588128,956.691,3167516.91010868,219472.90625,3166580.18329286
2787,146.101648006295,957.943,3653289.7701539,283720.40625,3653264.0121539
2788,219.051101619835,710.34,12039632.4226427,599790.625,11397721.7283106
2789,534.815078029207,1012.2,54811.3236328125,19950.55859375,54806.1236328125
2790,125.024397988046,759.555,27705366.6739696,756030.375,26717567.3042379
2791,185.009164548629,749.224,32918498.3456437,1463072.625,32808637.8944736
2792,185.009182252815,854.36,8162271.18575481,339702.59375,8020637.11150379
2793,185.009160270245,724.529,14836657.5047774,956732.125,14723162.999006
2794,185.0091480909,778.559,13366680.94125,888648.0625,13295917.3656171
2795,141.019383517798,747.976,18560799.7403552,505107.375,18243137.2367016
2796,141.019404008718,791.119,5154051.281575,330265.125,5021796.25504206
2797,384.192697462963,1027.64,52654.0936601571,13443.2099609375,52649.0856601571
2798,497.144127635293,1028.89,69566.318988715,14657.9296875,69259.7631417892
2799,236.099947033528,1028.89,103946.162109376,24025.638671875,103938.662109376
2800,490.99707826692,1026.39,282963.429003907,46230.73828125,280446.651589748
2801,391.180220292355,1032.63,82555.4748066402,26969.8046875,82550.4428066401
2802,103.003552041935,709.091,2605970.55798047,146305.359375,2186757.61581181
2803,175.105002438242,1032.63,97568.5076991099,14968.78125,97318.083943888
2804,132.085972240491,1030.14,641602.392851562,50581.265625,639809.403657882
2805,347.216247009736,1031.39,707622.375052317,94865.4375,707605.911480888
2806,263.073805131351,1028.89,531050.435093749,43733.875,530299.091001674
2807,369.198441891471,1031.39,612468.91712782,74034.4765625,611739.599590279
2808,385.032930445298,1033.92,429097.484999999,37606.37890625,422648.249489777
2809,229.061975254006,1031.39,658615.835035154,58842.1640625,657734.146739256
2810,175.108549977995,1031.39,643380.306734374,50072.640625,643355.026734374
2811,258.082021755385,1028.89,683291.684085286,49582.52734375,681555.285656011
2812,178.059836520897,1030.14,879138.811611326,60612.2734375,879112.246611326
2813,196.089724375139,1030.14,852268.155040759,59720.078125,852240.339388585
2814,279.068721613877,1028.89,1377050.02576562,86939.5859375,1375229.20705573
2815,407.014754784993,1030.14,964104.507396645,55566.87890625,963015.995843976
2816,156.077996484282,1030.14,1494561.00427309,94324.796875,1492944.17542936
2817,341.04339296224,1032.63,640916.260937498,46968.09375,627278.115533201
2818,257.086851872913,1032.63,1470601.18529767,93991.3046875,1470568.34172624
2819,115.051320087859,1047.79,37797.0963671871,8981.0986328125,37792.0403671871
2820,235.078926005253,1031.39,2171645.73925271,138766.125,2170844.25235696
2821,174.101821092804,1033.92,3215061.776476,175289.984375,3210942.76287234
2822,241.091956144197,1030.14,2534449.91303124,159215.84375,2534417.04903124
2823,301.050814042167,1030.14,2039842.76645385,138118.828125,2039811.16228719
2824,174.107721682473,1031.39,14584875.4941546,825037.8125,14579362.2102446
2825,195.086402383477,1030.14,14766511.8362109,885757.25,14763095.3028365
2826,145.098258248332,957.943,57122315.733867,4036713.5,57080436.2854156
2827,131.082609076908,1030.14,12619860.0360462,763527.375,12405291.3285022
2828,194.939978902768,719.309,556579.249462891,97004.3671875,469873.020278077
2829,234.921599989796,715.381,4012925.07304688,205893.078125,3589802.22643546
2830,170.017640540104,755.633,89197250.1019944,4322718,88932028.9357289
2831,170.017660347886,720.558,10516284.4903476,642882.75,10170928.8253602
2832,170.017650285065,819.169,33908140.8425,1948408.5,33717964.5818086
2833,170.017670963087,886.763,13780326.0834761,684166.3125,13563125.9881291
2834,170.01763318736,773.529,44011282.1975997,3609895.25,43883302.5218807
2835,170.017689155116,868.584,11873825.1765682,853241.4375,11729955.9837258
2836,165.019371480053,710.34,3331990.50885882,172785.359375,3025069.22263002
2837,123.008798744441,747.976,85464337.2375505,1604096.125,85087863.1584146
2838,123.008812470977,855.611,13539674.4947953,448632.625,13349035.673529
2839,123.008792840328,889.454,4035320.30067186,242633.03125,3943172.65747512
2840,123.008795545818,816.629,18778435.4395313,762580.875,18626230.4457407
2841,117.066979433232,759.555,14353127.3730657,692786.5,14107885.0436612
2842,352.030205547669,1111.41,48421.9863574216,11350.9638671875,48416.9543574216
2843,143.915668153434,797.442,1859290.95650803,97527.671875,1650217.65602325
2844,314.886219336447,1150.59,41450.4152646496,9396.896484375,39119.5455370353
2845,265.103920356372,1095.03,2596595.86579647,73984.7734375,2567504.03716313
2846,266.096439799672,1098.82,2763219.88632813,62685.07421875,2737109.24412282
2847,234.090104449412,1100.07,4049543.58569529,94347.40625,3981077.91074121
2848,173.104389697189,1030.14,212962174.001739,12888065,212912277.075869
2849,173.009107434067,698.932,5834401601.3387,715280384,5834317614.74991
2850,173.009069792097,732.227,426470110.272307,46633348,426334415.946482
2851,173.009159543118,837.313,4818985.07834792,268610.90625,4737093.5639667
2852,251.097335188824,1103.86,15708026.8546354,255577.140625,14965186.7214512
2853,283.103597091304,1102.57,11613929.554197,202029.96875,11202287.7548105
2854,282.111338221114,1096.32,32428197.7589127,566166.3125,31320636.4270854
2855,123.056387581092,1206.1,55422.1983825681,18011.263671875,54118.8848362512
2856,265.092983701694,1098.82,24210365.9845425,415609.71875,24086706.9824772
2857,147.067514467227,1098.82,16382552.3618687,254646.875,16281031.2370046
2858,147.067614244793,1207.36,338664.637389323,32908.44140625,324393.10936163
2859,233.086743512505,1093.78,36605364.2891816,559975.0625,36525863.0185786
2860,102.988463209557,1238.29,63388.2648085929,18813.869140625,61318.7139013664
2861,191.01978734202,706.419,39170526.9983216,3934002,38870446.9700777
2862,102.063993883939,1256.23,39416.8159497075,7909.42919921875,38469.5396339094
2863,160.93602006691,1278.27,31223.092693359,8149.37939453125,30246.3955602326
2864,264.100678204951,1097.57,17134160.4012501,1120540.25,17129882.1320474
2865,264.100584115949,1261.45,319395.664760744,28078.7265625,313686.677775357
2866,264.1006765684,1134.16,14505681.3496727,766307.375,14498443.2472233
2867,264.100683421741,1112.66,16507719.5990383,1058957.5,16503124.6144592
2868,264.100698233236,1193.07,1814398.69348144,103587.2578125,1808653.74872919
2869,264.100693922373,1278.27,111833.003458658,17931.482421875,108826.218247477
2870,154.062248776477,709.091,14680113.2187554,924042.375,14490308.0868756
2871,205.035300246656,683.953,1870148889.7647,221095216,1870037244.9776
2872,205.035400584804,709.091,117486935.130316,9853228,117361288.654837
2873,146.96128603706,1300.16,78647.1514361569,17224.416015625,66460.4952315349
2874,364.872995132228,1302.68,428779.484066496,58371.75390625,404763.036575002
2875,195.051040415268,709.091,11388126.0776265,728456.4375,11034234.9173494
2876,166.998643227114,749.224,300686956.231215,5590218.5,299288669.047117
2877,162.96030820277,1309.04,8860728.75512018,986825.875,7738550.07008412
2878,503.823723062958,1307.79,322291.340333791,35980.7109375,308969.536424081
2879,104.03521298532,710.34,2351210.06131108,121322.2578125,2274654.72565602
2880,130.050967294225,716.63,2879539.29180873,107833.4921875,2614841.45834505
2881,155.947037685315,714.132,2810550.86024806,151715.015625,2744223.90237092
2882,348.387733932608,1311.55,56352.4005351567,21341.142578125,55117.8047021723
2883,264.952041452328,1252.37,2127390.83564604,60398.4375,2075042.26293993
2884,613.801359589689,1312.98,81291.8713943144,11265.8173828125,79614.6977075
2885,632.795080902512,1314.23,49744.1167734376,15627.4365234375,49738.9327734376
2886,192.911435520467,821.666,23431136.8162446,342571.125,22906936.92753
2887,233.924316902474,711.634,5605305.03796487,302288.25,5242561.32590339
2888,281.107765125148,1098.82,267551815.458702,4480902,264167084.318312
2889,206.928953050342,1316.77,89829.0013552519,25357.064453125,82234.9265424184
2890,218.963480073347,714.132,3784414.15405637,206103.34375,3114134.87478894
2891,146.979751937665,1319.27,215563.755649415,43724.8984375,190284.351246468
2892,174.962088907554,710.34,3961485.26935715,196765.640625,3788914.92634989
2893,228.957593701282,1320.51,245424.558750001,52888.546875,241083.210849755
2894,263.097209549981,1097.57,566294537.216844,8787733,565599634.431207
2895,168.06666287014,715.381,4106610.82645312,229167.234375,3627044.10212855
2896,272.883273401587,803.868,26258399.4600889,1078697.125,24693482.45027
2897,85.9936379679781,1319.27,221684.785944604,37044.28515625,208375.137219479
2898,192.959294763629,1323.19,193809.446565638,22980.642578125,191588.85880548
2899,824.726497957455,1321.76,1318931.72068905,138561.09375,1236955.84345821
2900,484.850183021108,1323.19,598878.797285156,62566.4375,559161.069699209
2901,546.82546687783,1323.19,1200740.99486653,101792.234375,1158152.09036179
2902,89.9407058306481,1323.19,607034.928375819,55481.93359375,573067.75147194
2903,129.01937220217,698.932,2409832580.02555,288628864,2408454389.35901
2904,129.019321527902,732.227,521313374.310076,81350328,519906896.947988
2905,340.909034403893,1325.67,175367.6099384,34179.47265625,172932.190396815
2906,202.95265620597,1326.96,220161.005531851,49642.87109375,218133.403136912
2907,632.791685082987,1328.38,230100.566062494,63717.78125,227549.45881361
2908,295.907170407826,1326.96,805066.183797287,76015.28125,755167.572277347
2909,612.797062839539,1328.38,2760398.02602215,239160.65625,2660864.22470912
2910,91.9388859713522,1328.38,438446.332266845,49937.703125,426604.210361485
2911,116.071714600165,709.091,1753607.91227951,110842.15625,1727268.33246649
2912,116.071675417682,732.227,1340612.09255245,94648.796875,1318392.90528795
2913,152.966749597339,1332.11,171569.565996094,27797.671875,165957.463256401
2914,171.960490927717,1332.11,137752.767408853,27967.49609375,137264.196217447
2915,186.9721852752,1329.62,519615.425490056,77574.1328125,498263.201090346
2916,190.01596104755,1332.11,140926.485269528,38836.03515625,137941.355538716
2917,134.865133984818,1332.11,1902440.35725911,272003.75,1862986.06198925
2918,187.839669934104,1332.11,208573.621765135,27618.068359375,208564.574265135
2919,191.958531942159,1328.38,708542.57206723,86476.0390625,700674.735919742
2920,195.872050368852,1332.11,225958.288333332,66172.4609375,225286.003429361
2921,204.9705890653,1332.11,312826.965546875,71231.6640625,305827.71074735
2922,258.942350935753,1328.38,1050389.79208008,93344.5859375,1035557.36560012
2923,468.854958273707,1328.38,780698.535127604,74819.5625,747939.786995179
2924,209.82785738714,1333.53,343607.498343748,66177.375,342135.559881379
2925,250.939768760388,1330.87,970561.848446236,75470.6953125,967981.893182641
2926,260.78042543718,1333.53,303578.471037596,80705.1328125,303569.449787596
2927,151.965927643389,1326.96,1024594.30179225,81499.578125,1013547.58581888
2928,164.964326832446,1333.53,342616.74757813,64179.421875,337474.896812231
2929,222.863505963498,1336.01,348704.374768068,42369.9921875,341025.773602296
2930,310.733381975057,1336.01,436056.102363282,75522.1171875,431854.63049815
2931,314.728963690125,1336.01,601922.937207042,128316.375,600650.107401326
2932,315.807944477588,1337.27,743985.403339836,116735.4375,738370.367704161
2933,402.883737402031,1328.38,2117871.40093067,150383.515625,2009961.99593563
2934,114.901722362055,1329.62,1597372.39422689,125245.2578125,1579086.18988315
2935,230.936128473597,1333.53,1216870.6774414,99294.7265625,1178169.1982455
2936,378.886204699717,1329.62,683688.791199221,92353.6171875,653117.785926076
2937,390.700150665981,1338.69,560339.630566407,78246.1796875,560326.730566407
2938,404.740047941754,1336.01,174110.749980472,31622.7578125,174104.224980472
2939,145.97907749758,1334.77,615240.964719461,71441.984375,542698.011890759
2940,176.817356099329,1336.01,737830.954394522,111898.1484375,737818.079394522
2941,178.975459110578,1329.62,1853490.16786222,91389.9921875,1669698.69008989
2942,197.870201175071,1336.01,296172.329477984,37517.890625,291324.827347377
2943,256.784305047808,1337.27,713139.838407627,102132.3125,702870.656747935
2944,82.9744268103949,1330.87,1202583.32953674,85966.0546875,1161748.1416521
2945,163.963642021448,1329.62,1058835.29413282,80335.65625,1054593.36027482
2946,190.943711632368,1336.01,2379637.1759657,121087.6328125,2250289.15576836
2947,218.949913523246,1329.62,2688342.657348,192614.21875,2651875.20444834
2948,228.871297154727,1337.27,321283.698808594,40070.30859375,319607.111634463
2949,356.904367651625,1330.87,1250726.02396728,93120.796875,1199355.75762308
2950,367.882088974241,1328.38,6589764.29411459,324047.5,6111961.15668614
2951,506.832039170806,1326.96,4295299.03405715,204190.328125,4004710.9932243
2952,118.004708456288,1334.77,703676.034226294,79652.7734375,626999.889375679
2953,123.970856061198,1330.87,2991068.76535237,145898.71875,2851354.9267341
2954,124.971786666407,1328.38,2046862.77536005,100993.6484375,1918547.77460825
2955,136.863134451751,1333.53,1696639.96223015,162400.65625,1685101.56075889
2956,160.964922533916,1336.01,1513777.98173176,120137.390625,1359744.10326134
2957,178.873806799765,1333.53,1769718.14434742,146733.734375,1761538.97516998
2958,180.871970352398,1333.53,1280037.11353171,130767.3984375,1275815.90223629
2959,266.929180559308,1334.77,2801700.8074875,165106.015625,2738412.72107558
2960,347.885982330052,1326.96,7344779.32216743,338260.4375,6847089.65763167
2961,362.891330080498,1328.38,4763513.06419314,240891.046875,4142201.49851655
2962,385.695858451438,1337.27,1095355.29364347,115069.0078125,1095342.37546165
2963,440.860609783467,1329.62,5453010.6039598,234086.0625,5060949.72467795
2964,166.05131554394,1341.18,696316.45078125,103331.1640625,687849.955850929
2965,276.900943637665,1341.18,541716.904289773,94110.375,520283.472299064
2966,298.760947838181,1336.01,1145238.13864031,119396.515625,1145222.73248647
2967,383.697907900539,1337.27,1401663.86039062,139507.09375,1401647.04705728
2968,158.944155548188,1342.41,394816.913265829,45493.21484375,368469.192241805
2969,176.941716916323,1341.18,486226.72903906,104703.4453125,463313.087328123
2970,185.971436032086,1329.62,1341126.8797978,92497.21875,1307354.44799665
2971,234.944893596811,1337.27,2320492.56736026,161287.75,2109901.89133195
2972,260.780358571219,1343.83,176794.029718746,46625.484375,175103.602601304
2973,268.92442689355,1329.62,4581318.0669701,247015.390625,4410791.71568254
2974,128.9805767191,1328.38,4485850.19895833,319202.3125,4140209.68603711
2975,138.94152701095,1321.76,3933827.38293405,115619.0390625,3699328.49804172
2976,152.978163783503,1328.38,9218302.19917277,392483.53125,8969555.79975682
2977,168.961721393287,1330.87,3580030.43566698,158706.671875,3281209.45261861
2978,171.847741906991,1330.87,785373.36098437,98362.8828125,782281.721169437
2979,171.847860585891,1342.41,626441.58380859,102205.234375,623956.714424625
2980,174.967262134871,1345.07,195456.073671871,42256.3515625,195450.945671871
2981,189.942842833896,1329.62,4741773.24756076,270963.1875,4604298.37767307
2982,200.957468310155,1337.27,4747327.25374997,319793.875,4557841.26278843
2983,207.830125971234,1333.53,6158892.00209764,378702.28125,6158859.89209764
2984,215.83703158619,1338.69,2230855.41844308,185126.046875,2177159.01195999
2985,229.935356446722,1328.38,1639872.338,139423.4375,1616014.33523958
2986,229.935371841722,1339.94,797843.966562495,104697.3515625,784381.989303255
2987,296.919354021099,1328.38,9127333.2912446,423854.46875,8330459.99570888
2988,307.76141810699,1341.18,2089468.88432128,198972.125,2089448.25432128
2989,312.914470553403,1332.11,5795328.73180245,288909.09375,5449823.00902601
2990,381.734572262779,1346.35,506625.397670038,105788.7421875,491559.716015526
2991,400.86796445677,1328.38,23187211.6699916,930002.75,19471575.2955635
2992,118.951573984273,1342.41,705552.864550782,104063.5859375,672504.42994291
2993,134.985620609144,1337.27,7585724.14319957,412813.875,7423134.45476996
2994,139.999013950118,1345.07,478360.989726563,119951.265625,470728.983217828
2995,167.851562380037,1333.53,3815616.52827592,194949.640625,3807888.41496382
2996,169.849603147311,1333.53,3763183.16316668,296739.375,3748371.42140747
2997,178.815334666156,1336.01,1762361.43016211,135322.15625,1761026.18576583
2998,224.877886251477,1334.77,3213918.24756542,223427.375,3138268.26298202
2999,225.795981383063,1336.01,4134737.17862499,302364.90625,4133381.97717171
3000,258.782257190013,1338.69,1577971.74010691,132693.265625,1577949.80115954
3001,291.014898545738,1342.41,1224618.67567888,103051.1640625,1104025.66450842
3002,292.767312608906,1336.01,5785836.75166014,426187.3125,5785812.22266014
3003,312.731330988887,1337.27,2187768.38400511,179608.53125,2187749.04338011
3004,334.896438097504,1328.38,27228819.8973214,1128107,25756096.6112637
3005,74.0241714853512,1345.07,759563.503272884,117129.015625,682833.207131915
3006,101.980714361532,1341.18,4862332.15606875,306514.71875,4610677.00957821
3007,124.983184172767,1330.87,11816245.7453493,487641,11323701.5041513
3008,137.024417788175,1346.35,1065422.82395567,137896.5,940143.197248355
3009,140.919248039343,1346.35,387498.637910157,52562.109375,381278.154456255
3010,150.970657321329,1345.07,1425248.66425781,162271.265625,1425234.47425781
3011,168.97308050699,1328.38,28519110.2786931,1119475.25,27065505.4403586
3012,173.969878628277,1343.83,650081.467234376,135054.15625,548533.226393491
3013,198.865124405403,1334.77,7586228.18285326,541037.5625,7586198.44285326
3014,213.838237435796,1338.69,1149229.50115954,98210.484375,1146650.28638871
3015,221.800603197333,1334.77,5447566.40109932,353255.25,5446619.9077973
3016,272.921791905355,1328.38,21500653.2823863,851412.5,17811204.7717128
3017,294.9036860867,1330.87,40372106.7848958,1932390.875,37910765.2728405
3018,296.763096158298,1336.01,5579942.74578124,396666.875,5579915.68578124
3019,98.9666639000115,1345.07,586658.148358076,88301.5234375,512908.541265628
3020,101.988773860861,1330.87,7599708.07977678,245688.84375,7299396.06633751
3021,132.867866467541,1333.53,7874250.01139998,439735.28125,7814909.98395915
3022,167.96080445857,1329.62,6425799.40986117,270338.875,6173935.7854357
3023,194.952331679102,1341.18,4889185.94091915,392847.3125,4600876.92091293
3024,203.834432314938,1333.53,14633454.7478693,917456.125,14578176.2950944
3025,205.832409122973,1333.53,15808735.7407643,1105032.375,15808704.7077208
3026,223.798378552478,1334.77,8034934.37027425,552927.0625,8025383.99916158
3027,256.926897183784,1328.38,26257987.4020556,1182082,24205942.347104
3028,283.801421898657,1338.69,6198313.66648098,465342.28125,6089465.64476944
3029,285.799530099343,1338.69,8004000.76020088,511586.71875,7693093.53580968
3030,287.797726385156,1337.27,3765363.8461481,246967.1875,3739320.13334762
3031,294.765181940182,1336.01,10058781.7711577,679711.0625,10055410.451347
3032,354.878581086747,1345.07,1432114.00725446,208629.234375,1342590.93084134
3033,391.908499917211,1349.01,526359.201812504,107145.4296875,521529.179992952
3034,394.696022279173,1342.41,1785520.57612062,149272.828125,1785501.25424562
3035,78.9183681273305,1346.35,1531341.77613282,180057.640625,1503926.53904782
3036,85.0290735710176,698.932,230980734.996135,27589970,229335673.985823
3037,85.029045229262,732.227,55129146.6770701,8825093,53450321.586729
3038,96.9880391071294,1332.11,13007142.8448387,552012.3125,12270178.6183941
3039,107.934083411233,1330.87,23626964.3111225,977673.9375,20445432.0115431
3040,117.928709169783,821.666,40286072.73067,595495.625,37570818.0932471
3041,117.928714756176,1347.59,1950027.2947461,199296.921875,1564374.64944373
3042,140.978183238187,1329.62,37529799.8911089,1460606.875,34871129.6375548
3043,146.966007420974,1345.07,6990539.43466925,952283.375,6863811.98802637
3044,218.828224556053,1339.94,5026013.33253437,300435.34375,5023700.05132289
3045,328.155749032075,1347.59,3588010.05311198,189772.71875,2757191.63280678
3046,125.900112927535,1334.77,35295028.1291979,1751790.25,32738609.6533585
3047,183.004754338154,1350.25,503733.022148432,113089.8828125,502446.667202417
3048,200.17374862833,1350.25,831405.173847655,122182.4296875,797501.58984737
3049,229.071994750296,1351.48,508214.417562501,124336.25,508209.225562501
3050,305.763544201139,1342.41,9815142.1880475,517817.9375,9752042.51556533
3051,342.1348735443,1347.59,1809016.70590159,193141.984375,1525435.67572665
3052,80.916345171567,1347.59,1759440.47978412,146192.078125,1711556.93406384
3053,101.024182307516,661.253,60062691.27896,1191860,50194207.3485235
3054,120.972322764015,1341.18,6161565.4871391,318104.4375,5711492.566049
3055,123.008801286103,1351.48,706626.93313058,120544.015625,566861.447257526
3056,127.897340413246,1333.53,15227909.41535,791723.125,14420898.4841552
3057,157.95456876455,1352.84,368687.625468747,79506.21875,368682.585468747
3058,176.92924959262,1351.48,467615.729427085,104790.6953125,464882.190092766
3059,206.870520162164,1350.25,2790093.6698288,241064.578125,2560061.02093209
3060,301.767565234802,1343.83,10720909.7867731,718964.0625,10690098.0533766
3061,303.765681225187,1339.94,16773652.7421195,1017635.625,16709396.7236846
3062,332.884248335943,1355.31,1762337.42449951,282610.90625,1731517.630888
3063,364.889461882422,1352.84,856677.744795679,215502.90625,849433.781325584
3064,91.0397334305803,519.59,138464788.288761,17868376,136568069.241926
3065,116.928551963539,823.1,371345927.941828,4980733.5,367228971.832555
3066,116.928621675616,1349.01,44563244.2799838,1272798.75,42663459.4969947
3067,200.952903146567,1352.84,1108559.32500001,227850.21875,1083019.49771076
3068,300.904300564603,1350.25,3025886.02630207,333362.5,2682752.39193711
3069,354.866689301344,1354.08,762325.545326706,114703.78125,752625.040727581
3070,484.879806362724,1354.08,1021304.75307617,204082.5625,1021293.16557617
3071,89.0240585423054,338.107,218775770.246971,8428748,204996756.574361
3072,89.0240643114203,518.347,36112175.0878711,4111658,29505937.7844436
3073,89.0240618000824,469.585,13691299.9154375,1505139.25,7463726.75360655
3074,89.0240490541724,551.999,18790318.0292266,1375239.125,12273888.1932193
3075,156.951915430901,1354.08,868138.66541467,123558.0390625,842460.165705677
3076,184.967930676299,1329.62,86471686.9986326,3343204,77231177.3386957
3077,190.955091315556,1330.87,51561430.9440926,2426597.25,49991300.3681952
3078,329.92495906336,1354.08,4982368.14430146,423993.15625,4982348.68841911
3079,372.865819904421,1354.08,863960.086675776,123804.375,843337.781414644
3080,136.936589626392,1355.31,1039488.25414063,228529.46875,990954.730528652
3081,155.001861265037,1352.84,1964460.15120117,250279.03125,1845865.87701574
3082,219.963029681679,1356.59,1419282.50738525,173679.0625,1355331.97863044
3083,220.960392307471,1356.59,674378.081367202,284109.1875,669946.870565405
3084,301.238493152046,1355.31,1469706.70046874,224437.8125,1338702.22251083
3085,206.94996285606,1329.62,38319212.7416714,1146924.375,31977706.5483173
3086,311.901663916983,1355.31,10529845.5265372,607545.5625,10221499.2046794
3087,312.89930449185,1354.08,4205950.58782552,446068.96875,4130995.73068296
3088,162.960169041031,1330.87,116896268.371228,5071990,108791398.278204
3089,164.035473359179,1359.19,7204435.52884884,249011.140625,6449170.13213832
3090,170.017654574876,1349.01,2335407.00361329,218861.46875,2222272.43796736
3091,285.270994378571,1359.19,566352.114865058,96263.9765625,524526.55251271
3092,337.205890687137,1357.95,3031980.94788573,303569.4375,2835441.49151806
3093,383.732622781772,1360.43,4108986.59180091,312622.53125,3913516.24962792
3094,408.899237750754,1360.43,6713895.18916711,382332.0625,6368915.6829469
3095,78.9737611325568,1361.84,1197708.85393842,110166.5078125,1121676.60805116
3096,117.931576091677,1357.95,2169729.24646874,227309.0625,2021514.51110962
3097,122.975610789606,1361.84,884407.644947916,107015.21875,870639.257401688
3098,176.93602528764,1356.59,2389343.80792969,248381.5625,1985391.08955768
3099,234.932955861411,1360.43,8188260.9484035,661240.375,7772466.44611483
3100,313.931197375318,1351.48,7564700.79925,678396.875,7310099.2218208
3101,439.113287662615,1363.23,325997.91328125,89610.7109375,325992.70528125
3102,232.937120872617,1361.84,5018339.71218751,302291.9375,4796421.61443937
3103,78.9585393476046,1355.31,1310514.53113561,123962.1640625,1228650.50475615
3104,212.834877722028,1338.69,85910247.6408622,4259669,84745488.0190109
3105,216.830432343358,1339.94,36079251.9447414,1826130.75,35693565.0495351
3106,266.151413593608,1364.46,3305251.99808438,308902.375,3043562.69770778
3107,288.908942636821,1352.84,2795762.89165365,372006.5,2795747.40165365
3108,326.188288355212,1364.46,3112273.44360795,215985.390625,2853280.26139902
3109,340.2036335131,1366.94,463793.797460937,88540.390625,451558.73883315
3110,96.986081152652,1366.94,252260.177999996,55801.49609375,245081.577265621
3111,97.9841457537657,1364.46,992907.59818475,123403.296875,917540.720076505
3112,138.01966519549,1354.08,17921061.0193706,527504.25,9921165.21833734
3113,171.139148574537,1347.59,5532835.6135547,357391.5,3926651.8009848
3114,175.954360961914,1356.59,2577564.43426341,270569.0625,2418215.81293275
3115,195.93957845141,1354.08,4757357.59372317,463245.65625,4640385.35459033
3116,200.952962918735,1368.34,568548.926116074,182409.9375,550135.790084723
3117,471.115735712509,1368.34,516228.459531246,80133.125,511303.551478847
3118,183.08134731352,1368.34,711062.52651228,155031.546875,656167.106603607
3119,267.143750231081,1368.34,448810.036735491,88726.9609375,447662.69675691
3120,213.18614725541,1361.84,2555214.01857424,218145.421875,2404556.75086946
3121,286.911976297409,1352.84,8677088.18112309,1122784,8627768.22544603
3122,393.862633851009,1361.84,2618342.1631771,250264.859375,2473547.02992125
3123,441.252881120316,1370.82,701387.192343749,155755.859375,689647.126199194
3124,196.93680880657,1352.84,2706313.1484375,342224,2664367.09530901
3125,240.945503304437,1356.59,4989659.60608774,407049.8125,4937732.17393239
3126,293.891335906231,1355.31,3946526.99429299,407584.78125,3852938.15714385
3127,184.061693809903,1368.34,1400997.59128607,214020.46875,1207646.70341458
3128,204.872329047147,1363.23,1764444.57767858,292769.90625,1661744.96564715
3129,222.927169799805,1351.48,2014867.39235352,329872.3125,1937690.18211729
3130,79.9565652645274,1373.66,457901.211187499,64622.76953125,406670.907442235
3131,95.9844981776149,1354.08,10792053.4857422,530136.375,10138410.8698564
3132,118.95155219676,1374.9,546523.496949572,126834.828125,487804.677843341
3133,332.89676714599,1365.7,4863735.59875001,355574.40625,4703193.42026343
3134,219.175545594699,1368.34,701131.911562466,278925.1875,526508.50231083
3135,254.906744152236,1354.08,5847434.7614123,560461.5,5804872.21156161
3136,254.906745111534,1368.34,2837476.77195312,361517.78125,2797714.72182586
3137,174.967132468938,1376.32,405545.823203131,54110.46484375,379069.614502846
3138,278.930202808129,1354.08,4704157.54873383,317012.09375,4520834.23099447
3139,98.9814485635407,1376.32,318406.83717076,52460.53515625,303553.104127306
3140,174.946954425666,1364.46,2878180.83449818,308242.5625,2830032.94815439
3141,174.946952291812,1352.84,1954700.6852344,311150.4375,1924539.89518497
3142,214.832834104044,1336.01,91088072.6920997,4728463,90128686.0534378
3143,225.186169803259,1357.95,2680762.69617189,286165.625,2600483.63607008
3144,235.953690823251,1351.48,13551837.8269699,1021759.1875,13204361.5687003
3145,248.080075344438,1357.95,15318170.7797786,936094.5,14882583.4223784
3146,414.845195198094,1363.23,12275513.1555395,438585.65625,11610715.019247
3147,156.066597181445,1382.88,267883.611176215,56283.30859375,245979.289460636
3148,200.965413554742,1359.19,4892004.7026411,245443.703125,3999395.51044748
3149,330.922116460699,1364.46,3411615.30868994,308092.96875,3355866.9408197
3150,330.92216610793,1350.25,1499529.97407812,224188.328125,1460834.1030332
3151,94.0088158195989,1382.88,1094531.21196429,119803.984375,1045003.06516369
3152,239.201818074281,1364.46,4981353.62965563,262297.3125,4820578.38023266
3153,296.798138374689,1350.25,13099326.9614821,614906.0625,12917913.2442468
3154,397.226523422036,1370.82,4808103.24447114,271669,4611031.46531277
3155,427.209010156705,1384.12,377920.10310764,107896.21875,372756.56272828
3156,126.905081069158,1364.46,2280401.99578124,231153.375,2105524.6421798
3157,126.905036155886,1351.48,2030062.25457388,235107.75,1857265.31735537
3158,370.869006396018,1354.08,16455947.5382407,1128969.875,16418380.1450692
3159,136.969989807995,1355.31,6708577.44241806,342192.90625,6587852.50692219
3160,292.801900780275,1347.59,12841536.0710769,917734.625,12709440.6338631
3161,292.801780162927,1381.46,5461934.99679689,528329.875,5365303.72635079
3162,292.801855387365,1363.23,11010759.2977404,985406,10921327.2644677
3163,297.15308593017,1357.95,5474237.13063313,355759.8125,5197444.33505761
3164,210.931671476236,1352.84,6993952.59862791,888037.5,6929773.81828978
3165,210.931755805144,1386.79,905285.173813927,100447.625,860958.043109688
3166,156.944193750747,1356.59,8040204.55692943,390882.5,7825064.81817824
3167,205.035411577878,1364.46,8854822.51306945,464538.90625,8185994.71983508
3168,138.941237627487,1391.94,171386.709848089,39079.4296875,165977.407291607
3169,242.220915559569,1361.84,4161695.81523113,350305.46875,3914963.86691549
3170,139.938184565703,1384.12,830407.397495398,122996.1328125,732083.114323121
3171,173.96991140644,1366.94,2501065.75534237,234092.21875,2251401.27654665
3172,252.944593050343,1369.58,2704351.3306467,189477.046875,2558835.96187523
3173,162.968073320487,1354.08,10799088.6214125,698241.75,10738164.9024846
3174,162.968169451921,1385.36,2098576.94710526,182367.21875,2055018.13129793
3175,407.902078943877,1361.84,11151395.3772877,625550.5,11131965.7196224
3176,375.181719115298,1390.51,1000576.05839599,102483.03125,908622.984343369
3177,354.878489055091,1389.27,2940695.71193148,124259.1484375,2666248.30249376
3178,353.200667110406,1360.43,11915948.2503125,427328.8125,11075100.3998214
3179,101.035522321862,1399.59,228950.241860728,30473.1796875,211142.597591285
3180,228.205059292776,1363.23,3626895.05128351,344254.84375,3463565.22033809
3181,403.184980231632,1399.59,181033.720930176,28806.021484375,174761.378703227
3182,135.972686244335,1352.84,5532727.79277339,620167.8125,5473348.31637372
3183,135.972700509707,1368.34,3873790.18738282,429848.875,3821745.28346689
3184,135.972681906485,1386.79,1767791.10267427,203527.5,1711676.92152458
3185,208.934700347282,1352.84,21009187.4244488,2106864.5,20632571.1239812
3186,208.934696181682,1386.79,6889810.9750488,510798.03125,6388731.11945172
3187,231.08745909851,1406.05,86760.7954062496,21629.041015625,86755.7714062496
3188,256.086171503465,1368.34,4648072.9502083,413873.84375,4015755.47160502
3189,256.086107687134,1351.48,4228570.48400391,376793.46875,3428883.40218462
3190,288.058001036411,1368.34,10745496.5421533,406784.125,10582757.5547065
3191,392.863434049513,1360.43,25225149.9687018,1306192.75,25019001.9108385
3192,392.863501427868,1388.03,7793295.36805146,504968.71875,7645885.79256049
3193,251.947381927881,1365.7,10168154.9433637,409401.21875,9982818.30001274
3194,310.902281214602,1354.08,36692926.3310418,3052494.5,36296909.3232956
3195,125.900674300645,1411.08,439349.484124996,126469.21875,431144.683123102
3196,292.89166702766,1354.08,18513856.3479157,1557226.125,18311609.3147895
3197,292.891661848756,1365.7,14292399.7115909,1337503.75,14126837.0704103
3198,292.891697735891,1388.03,5853111.5593457,523276.5625,5621702.84730825
3199,282.251934364062,1364.46,8970862.57055866,295176.21875,8586215.82725835
3200,358.875144224968,1412.33,130922.329078124,56394.375,127674.24368237
3201,254.220774915243,1364.46,12207876.7452441,377907.71875,12030293.5797063
3202,267.233010057386,1360.43,11769767.1279608,314540.96875,11479742.5658762
3203,294.799943463687,1350.25,14569762.648197,1136446.5,14521831.3044811
3204,294.799933291826,1381.46,7447960.89468746,546495.0625,7387975.77418642
3205,294.799985437389,1408.55,2084415.89889916,137246.078125,2010102.7817009
3206,294.799909351148,1361.84,12441420.5756511,1099118.25,12396099.8211727
3207,325.184586146269,1359.19,21721011.6326953,995378,21465530.1778699
3208,120.066575853445,1421.16,101740.975113933,14995.9150390625,96254.319038607
3209,355.87171908361,1418.62,168934.759198406,39552.07421875,165477.726539149
3210,229.062926487963,1421.16,108277.484765627,20862.068359375,105502.679897105
3211,256.914787064486,1423.7,95228.3889492211,22287.568359375,92582.5385728762
3212,376.857535938585,1422.41,203986.686447266,55182.59375,199173.714071938
3213,144.111094378741,1421.16,260749.799087291,39952.46875,240646.495173154
3214,269.248688112313,1363.23,24530982.5228109,662800.6875,24321709.3021249
3215,122.988010354841,1368.34,24599274.7572455,471555.96875,23754110.6637621
3216,406.902522232321,1364.46,72400344.2253725,2744824.25,72400276.8653725
3217,540.819146049761,1426.2,208733.967692056,50100.53125,203085.012206346
3218,118.009076166957,1365.7,3574103.83601564,283086.65625,3375236.97202748
3219,328.925278580226,1363.23,86709255.6046687,3020202.75,86670907.6049006
3220,314.886126984243,1373.66,14518565.9743304,721839.1875,14518528.1707589
3221,314.886089705826,1347.59,5742248.13498436,462410.65625,5742228.81498436
3222,314.88608005581,1423.7,1026748.56529688,97978.53125,1026729.67529688
3223,200.945029711585,1354.08,21124356.1634,1144698,21100305.8106531
3224,200.945046049879,1423.7,1157694.57674173,91237.6484375,1142401.09504285
3225,218.963457442813,1354.08,22377252.2726952,1952897.375,21859987.1342364
3226,414.859605997706,1429.96,168949.738080355,56852.359375,167287.105703279
3227,138.970504760742,1360.43,2973715.45178223,240130.953125,2888889.72349854
3228,138.970487252421,1422.41,1003218.74752266,54924.30078125,883157.49147647
3229,138.97049422336,1389.27,1524530.15497472,112114.9609375,1439074.65258041
3230,320.902841478115,1432.51,183923.006363931,45904.9765625,180431.015969229
3231,375.869640469394,1435.06,266226.333333331,53230.90625,258276.998547299
3232,474.847886744098,1433.81,251655.27081597,43530.6484375,244182.633159111
3233,534.814645465458,1429.96,736891.304607872,60255.78125,696554.607379109
3234,154.959869986978,1361.84,10808887.8485156,730826.875,10345917.3325055
3235,234.921642790638,1354.08,12149221.5385989,984624.3125,12060601.5379808
3236,234.921627441188,1368.34,10567032.9436058,917356.375,10488105.9200141
3237,254.919207266862,1345.07,6325054.80886229,536925.5,6039513.31845865
3238,254.919226407093,1373.66,11090783.9239323,513085.65625,10664671.724141
3239,254.919227885088,1419.87,2792491.8162691,170379.71875,2412848.73207651
3240,254.919235476915,1393.36,4145423.36505682,375751.53125,3942411.26767566
3241,293.179522040429,1356.59,11797336.2950748,629214.5,11537939.3267651
3242,403.867671516243,1433.81,256754.911347654,44983.3828125,254335.542414271
3243,930.689441050998,1435.06,190327.037537108,55801.58203125,190321.989537108
3244,94.0295953324414,1437.57,69483.6536132808,13862.998046875,69477.3536132807
3245,116.962587333085,1354.08,15910659.0191982,1147241.625,15876689.9187136
3246,116.962561629258,1422.41,1707444.65663818,77499.4609375,1665963.45852678
3247,116.962546676533,1388.03,3983336.70908651,302846.25,3959421.88286055
3248,156.954996408665,1354.08,32096619.088837,1467345.75,32054950.3371678
3249,156.955014092895,1424.95,1880615.15047852,143506.390625,1847777.08017718
3250,156.954997630296,1389.27,8461139.32700657,545194.5,8430597.91269736
3251,322.887438311868,1436.31,137117.671847656,47784.453125,132865.141013951
3252,75.0082017471479,1438.82,5747782.73133518,441097.5,5133344.62132897
3253,76.9694950749754,1354.08,409285603.106943,17069286,388161583.120076
3254,77.9690780721271,1364.46,30221583.090852,978881.5,28577705.122801
3255,78.9663753499055,1355.31,15312860.7976201,741495.4375,14904217.0155637
3256,78.9663860416552,1422.41,1901485.79785435,93592.5859375,1644134.70785615
3257,84.9902774274167,1328.38,98094224.4308124,3024741.25,79645734.6840286
3258,91.0033731081622,1354.08,4855056.79616702,412515.90625,3748167.4471638
3259,93.0342905456112,298.278,55625896.6555703,4062824.5,24759061.4344497
3260,93.0342826093731,458.368,62222121.6116,6690783,33508078.8950063
3261,94.9803202107415,1354.08,6314015138.06305,272475808,5990864893.13609
3262,94.9926576846287,1374.9,156065654.791912,3031466.5,154047535.329928
3263,95.9799103330975,670.138,28206531.1916667,1320558.125,26018965.2490073
3264,95.979903418553,1354.08,353997026.228268,15101469,350782656.085518
3265,95.9799141580543,710.34,27908717.8638125,1274354.5,25455387.4265434
3266,95.979925952303,633.592,19083450.6256765,1050741.125,17015530.0597827
3267,95.9799142273629,1423.7,48228612.3900001,2308980.5,45813332.2001661
3268,95.9799097337494,690.167,17584436.9469375,1400211.125,15990175.0780434
3269,95.9799132444705,1388.03,122721054.441176,7076634.5,120592824.357937
3270,96.9694623517963,982.277,572467.347968748,161318.640625,572463.582968748
3271,96.9694495231044,1110.16,6277139.55910614,176510.3125,6277095.42822379
3272,96.969411793048,1366.94,53934622.8432698,1097172.5,53934498.2184782
3273,96.9694790337097,850.424,10754022.7248904,179507.71875,10753947.5283991
3274,96.9694448663608,1244.77,13794245.5062145,163714.015625,13794130.8175781
3275,96.9694660466188,767.256,3162106.322725,186297.328125,3162086.05179167
3276,96.9693869947731,685.192,6235939.79414585,506670.28125,6235916.03147918
3277,96.9694576034927,1064.57,2588592.88449517,160457.46875,2588574.66295671
3278,96.969445510433,1172.44,4926924.64861777,161789.359375,4926889.704387
3279,96.9694659256715,937.235,4490646.40402344,165314.859375,4490613.93214844
3280,96.9694705248356,966.943,2262767.33872158,155142.421875,2262751.98963067
3281,96.9694608218605,732.227,2519921.05986979,213836.671875,2519904.41445313
3282,96.9694538593875,1000.49,4410791.63915837,164494.09375,4410761.51438564
3283,96.9694607374398,1027.64,3757901.16087501,181037.90625,3757874.61687501
3284,96.9694263385475,658.769,4232854.84898047,190854.578125,4232823.32398047
3285,96.9694744335902,715.381,3983935.36281084,267695.25,3983909.73228453
3286,96.9694271443338,632.354,7932534.49731675,512335.375,7932505.29358948
3287,96.9694585612498,783.589,1668885.59142189,182776.765625,1668874.26942189
3288,96.9694735117712,907.461,2229541.81470312,162613.65625,2229525.16820312
3289,96.9771999952733,667.65,18873162.4670588,934899.0625,17504337.724655
3290,96.9771919574848,1354.08,256496954.411345,11067993,254372037.713177
3291,96.9772036789465,710.34,23768137.698,922225.9375,21834158.7727585
3292,96.9772069097246,634.832,14219188.422882,730831.9375,12766307.2885252
3293,96.9772065570314,1423.7,55467258.4117456,2086527,53185685.5551882
3294,96.977198129498,690.167,13454572.3932054,936876.5,12323278.7704995
3295,96.9772025374695,1385.36,94285306.817361,5143359.5,92803126.0196196
3296,96.984575820385,1354.08,60854710.4994468,2721209.25,58610618.1415713
3297,98.0245216231476,1364.46,4393552.41457035,293181.4375,3389271.30569
3298,103.027632632365,1413.62,706985.871674808,68890.6640625,654530.782287252
3299,114.936278105698,1361.84,1910209134.97333,56712548,1815768472.45527
3300,115.933360830596,1381.46,5540598.72150733,472582.5,5529414.874373
3301,115.933350543043,1356.59,6299790.52767935,392313.84375,6285766.32939785
3302,115.933372484658,1407.3,2222190.97159984,143607.078125,2211437.08014435
3303,115.939648943718,1361.84,22004529.5187732,1181484.5,22001499.4244948
3304,115.939662208899,1382.88,17787458.6671353,1254744.25,17785376.3670123
3305,115.939658444855,1407.3,6328234.85014705,356706,6326331.00293403
3306,115.939641016496,1429.96,3768581.2259421,202629.5625,3766683.57154065
3307,116.934500719631,1363.23,862401336.625416,25912488,861268244.59941
3308,116.934494742329,1432.51,71647240.4937502,3696116.25,71264976.666109
3309,117.937868304519,1357.95,9207726.045163,521337.34375,9207695.11646735
3310,117.937857752569,1380.22,8513652.76509374,574841.0625,8513625.17109374
3311,117.937872974766,1429.96,1342776.08715821,81848.1875,1342754.62465821
3312,120.972314952509,1380.22,4772793.1263951,346795,3121611.08422852
3313,120.972341419034,1363.23,3737447.86735491,278280.5625,2235603.08450335
3314,121.029489776252,458.368,145777335.867175,24004680,141191094.124244
3315,121.029419962906,595.577,862778064.237185,113406648,857957788.235746
3316,121.029522935829,360.925,40501635.883538,15620078,36179348.0069054
3317,121.029514342727,307.184,14203890.8183498,1251085.625,8767913.62269093
3318,122.967591752048,1332.11,293473683.782096,11388994,236268568.918727
3319,123.902029869986,1333.53,100330203.3904,5053526.5,70731050.3721038
3320,133.065935550791,1382.88,25898513.1281256,493227.375,25404099.7623218
3321,134.973174981096,1354.08,190584957.947499,9231520,189336491.484078
3322,134.973190372969,1423.7,25281968.8876563,986818.25,23801964.0323169
3323,134.985648596038,1378.98,663076.486821728,69571.671875,627207.953476745
3324,135.945104144772,1363.23,31858958.3736112,2387365.75,31858073.3195418
3325,135.945109268793,1409.79,11031860.7887109,1135106.375,11031089.0253033
3326,135.945108065004,1334.77,11806278.5234821,732132.125,11805263.1671722
3327,135.945108734513,1384.12,28920190.0678123,2241005.75,28919214.9005577
3328,135.945104525503,1433.81,3567627.19812501,238662.21875,3566903.22035436
3329,136.99143409679,1351.48,5257358.96504984,375052.375,4744886.84301371
3330,137.940580785972,1364.46,32818792.2974429,984037.9375,32807612.4697116
3331,139.007086343699,1365.7,39025203.9988103,883541.25,33914926.8940082
3332,140.98614988637,1354.08,39728956.9199416,3214293.75,38738373.1752591
3333,140.986153924608,1388.03,16546674.9310416,1074461.25,15604749.9538999
3334,144.975460312343,1329.62,84387597.3684613,2542863.75,55305743.2267031
3335,145.983590769802,1338.69,18438096.394837,944357.6875,17971276.8665648
3336,145.983595759301,1437.57,35623482.338644,891875.375,34466050.8819818
3337,147.029956496046,709.091,6201002.5535039,414444.71875,5254534.78443231
3338,150.962479143191,1329.62,78923950.9560895,3003716,74066160.1466902
3339,154.947436098756,1354.08,79233128.3750004,6114983,78629730.2673813
3340,154.947442494763,710.34,26994084.8265968,1287832.375,26206586.1462262
3341,154.947453343336,1365.7,50904080.7852497,4768750.5,50484219.5085934
3342,154.947459658598,1386.79,39837012.2415441,2217492.25,39157160.2272479
3343,155.94706259082,1360.43,15481768.7669189,740449.25,15192808.5213867
3344,157.123427164646,1437.57,1072002.93232812,163237.59375,1071995.36032812
3345,157.123419884044,1424.95,561061.50390625,176950.890625,561057.75390625
3346,157.123395739911,1378.98,2968045.50745118,213274.375,2968023.26932618
3347,157.123398584818,1397.1,2049918.38718749,218998.828125,2049904.03218749
3348,157.989149066712,1357.95,14234626.2159213,690178.1875,14234588.4159213
3349,157.989161534166,1423.7,2135688.97517578,101245.8828125,2135654.92402193
3350,157.9891750487,1389.27,3838058.06986436,279052.78125,3838033.48597547
3351,159.066334645933,1370.82,2225219.34589639,179823.890625,1393633.06243642
3352,160.076818598965,1366.94,12162159.2589999,669468.9375,12008403.8010325
3353,160.076828643647,1388.03,17501959.0691,720650.5625,17255572.0242233
3354,160.076845349285,1419.87,7798306.16114809,402614.5,7575639.77253121
3355,160.076810727242,1351.48,6277164.69132811,578895,6153416.93182013
3356,166.957408594948,1330.87,252515762.905161,9517758,205874321.984641
3357,168.050212029406,1388.03,9663244.14643414,377060.28125,8614723.05651576
3358,169.01426186449,759.555,1959696829.78146,53848552,1959349338.76964
3359,169.014307945175,1350.25,53881479.5963605,2123682.25,53588399.0707828
3360,169.014301702466,854.36,280449345.392937,14132713,280305849.757468
3361,169.014307443259,1013.64,33399155.5852274,1463884,33207211.8157955
3362,169.014307002269,1419.87,3699972.01629137,237811.34375,3553009.64453225
3363,169.014294721389,889.454,180204463.169177,8753713,180052969.40058
3364,169.014302260218,986.085,44026946.3989445,2126547.5,43866830.7905477
3365,169.014270958953,817.92,737017527.699201,27967322,736802650.35185
3366,169.014292798584,921.533,85546574.6695575,5074454.5,85428241.2317245
3367,169.014296570617,937.235,70953826.6061431,4030761.75,70828969.5433351
3368,170.996986735268,711.634,7133365.22044602,361946.71875,6295368.96733567
3369,170.99696814012,1350.25,30383249.6742187,1823590.25,29505333.0432905
3370,171.066405633062,1369.58,3933309.27197442,286615.75,2641610.180342
3371,172.957916358053,1354.08,851025225.82313,58182056,835004591.438715
3372,172.970253757208,1361.84,52134415.9912504,2935181.75,51740249.8074084
3373,172.970286387186,1421.16,8580378.35935157,533271.9375,8108154.04091651
3374,172.970251836661,1349.01,25212109.2161829,2269240.75,24867131.474579
3375,172.97028036483,1380.22,38760352.0098682,2178862.5,38297447.6737912
3376,173.957499708091,672.701,36063044.1614788,1334407,34365996.7127197
3377,173.957501583912,1354.08,78209816.0433337,6084843.5,77412249.5483337
3378,173.957492938615,710.34,27535121.7804119,1303247.875,26398165.5608885
3379,173.957526632405,1386.79,35948241.8063333,2382470.5,35144919.6768333
3380,174.9547567426,1354.08,57868262.3276956,4417546.5,57177035.2040244
3381,174.962132196832,1354.08,11005556.6794629,871768.5625,10774814.5622251
3382,174.96215390039,1366.94,8348145.38085938,731922.1875,8170170.0234375
3383,178.963010168777,1354.08,15035104.4223805,1093931.125,14902627.1181669
3384,178.962983144262,1366.94,7730145.10124999,788099.25,7640264.80777901
3385,182.964149159822,706.419,386711288.152583,7511293,386711230.24625
3386,182.964172391083,873.778,246364303.886613,6571033,246364262.295903
3387,182.964167266991,1113.95,313026406.813076,5076941.5,313026339.869999
3388,182.964176690159,1437.57,95208823.8786356,6757971.5,95208808.7477265
3389,182.964174020047,1341.18,153693947.549999,6068095.5,153693916.610869
3390,182.964157007285,1216.4,108431190.298948,4571088.5,108431164.551579
3391,182.964151089582,754.388,99145006,6321264.5,99144989.2083333
3392,182.964150344277,840.001,149422015.916079,6175401.5,149421989.830815
3393,182.964159082578,1059.36,169230150.829911,4845165,169230113.595982
3394,182.964155569077,1167.23,73980030.0799995,4842072,73980013.4399995
3395,182.964150204441,781.053,184887354.138,6111414.5,184887321.2532
3396,182.964167083632,1025.13,187317965.494597,5110641.5,187317924.524274
3397,182.964156063138,1191.81,118169270.40975,4702392,118169243.13075
3398,182.9641558926,1273.19,131713709.129038,4165422,131713674.350962
3399,182.964158834234,954.143,130011951.535083,5593560,130011926.994472
3400,182.964180444481,1414.87,175060559.373914,6455729.5,175060529.008696
3401,182.964155363303,902.218,106359439.925,6009522.5,106359420.826786
3402,182.964153908119,1239.55,91659218.893382,4340697,91659195.7580878
3403,182.964150117088,721.85,110299894.141846,6486818,110299876.036615
3404,182.964130427306,738.646,100473496.316251,6511043.5,100473479.414084
3405,182.964155910968,921.533,99963406.8935383,5704603.5,99963388.5901537
3406,182.964153473597,935.937,90374159.4238331,5801718,90374142.6614164
3407,182.964179277502,1380.22,70286939.5929994,5922547,70286925.1499994
3408,188.939412052299,1332.11,226970460.485294,9048209,208523538.036782
3409,194.868669789123,1334.77,38198729.0322006,1982292.375,37922982.9509846
3410,194.868683499853,1438.82,3382913.64738634,305288.65625,3253582.1223114
3411,194.868673606831,1413.62,6725480.12077503,286482.4375,6444663.80189602
3412,194.868627466732,1364.46,6489905.86704965,409351,6289170.21994131
3413,194.868649187378,1381.46,4660562.80900875,299810.375,4470300.68406514
3414,194.905882794134,821.666,460237104.444611,6397482.5,457329798.314529
3415,194.905917226621,1351.48,42317977.0808821,3119260.25,41794139.1301238
3416,194.93992058105,1354.08,63496404.1232089,3570572.75,63095605.0728973
3417,194.939930114216,1424.95,3349288.20300165,213990.703125,3062348.66791883
3418,194.939951851102,1388.03,13660652.7236029,806783.75,13395284.2195647
3419,194.952311522391,1376.32,5955881.69011718,302814.25,4599017.22708024
3420,195.905884878396,826.893,82977887.2338909,1069557.5,81187970.6081105
3421,195.905907930415,1351.48,5843846.37201283,443512.625,5612144.38924352
3422,196.866885371116,1334.77,33346894.2312968,1780395,33116246.4315867
3423,196.866923616077,1438.82,2845449.60040623,289075.625,2750222.11594383
3424,196.86691557574,1413.62,5707091.92994794,255477.6875,5490222.80135263
3425,196.86686811068,1366.94,7625885.24881798,394189.375,7410857.94665626
3426,199.170486405037,1356.59,23943629.9191903,922916.5,22661335.0376829
3427,203.868998077849,1349.01,68603038.8579162,5296841.5,68603022.2070828
3428,203.868997597025,1380.22,52909921.231985,3862925.75,52909897.5461027
3429,203.868996432811,1438.82,7673244.41665172,483694.8125,7673225.49522315
3430,203.86900970541,1361.84,71372276.848125,5446442,71372260.045625
3431,205.867210826428,1359.19,200343633.576323,5322603,200332070.621097
3432,205.867230496099,1438.82,6096341.90161054,437311.03125,6094340.48280833
3433,206.0469203984,1385.36,13681129.7377777,615179.0625,13197263.4422291
3434,206.0468949102,1356.59,14855764.6437813,597394,14073506.1652633
3435,206.046896316609,1422.41,9992753.62240057,451519.09375,9425603.17312698
3436,207.865433128798,1349.01,14312766.816346,1037172.25,14312748.8855768
3437,207.865472750386,1438.82,1421594.78840401,107357.578125,1421575.86697543
3438,207.865426947307,1381.46,9253951.15677075,854236.375,9253930.14343742
3439,207.865455735084,1408.55,4099567.23935762,249559.125,4099536.92631414
3440,207.86540442687,1364.46,14487920.9759136,1038411.375,14487902.5928367
3441,227.201820838254,1361.84,56978057.709731,1798892.375,56372862.9118368
3442,227.201803614345,1432.51,3050780.20997397,216606.96875,2836954.75193197
3443,228.931862194159,1330.87,109840106.089286,5021816.5,102381632.901213
3444,232.924758845201,1354.08,214512305.858911,9141471,211397077.667889
3445,233.924332062493,1354.08,20479013.2321288,1523693.875,20217841.6026643
3446,241.21749195203,1359.19,30255556.6975926,1258341.25,30016368.7998951
3447,250.036773131859,1370.82,34129444.0401304,527131.625,32023004.1666101
3448,250.947790401057,1364.46,105557975.265963,2712876.75,103608394.258491
3449,250.947780999047,1422.41,5111803.58878677,357030.09375,4549964.3467181
3450,253.217422300469,1364.46,72708445.9926444,1993689,72371534.8805847
3451,255.233077755986,1363.23,495787523.948231,11984850,479661016.864848
3452,256.236439994233,1363.23,84806344.8784323,2305160.75,84490142.461494
3453,256.236457146584,1438.82,3856361.85151655,201021.859375,3763965.8947188
3454,265.147953810686,1364.46,63532156.8906756,2146087.5,63428613.9565661
3455,265.147975027342,1432.51,4521883.51188323,218347.328125,4491350.92801359
3456,272.883277370758,1351.48,13318832.7689389,644667.9375,11656566.118708
3457,279.233003471265,1361.84,8300953.69532552,504388.96875,8289250.34948227
3458,279.232998556636,1382.88,6160001.74792379,398939.90625,6148732.4831159
3459,279.232947118822,1426.2,772379.083369146,75036.1015625,765590.303138215
3460,281.248644761352,1356.59,19230489.9318165,1338327.875,19180661.163266
3461,281.248626131379,1373.66,12790458.9218054,1180907.75,12760502.2082176
3462,281.248657306414,1411.08,6075111.14132812,421499.21875,6026127.74694107
3463,283.264295238688,1359.19,218316156.300092,5059796,217286666.209679
3464,284.267673108863,1363.23,42263608.424466,1039475.4375,42212893.1758721
3465,284.267697536741,1431.26,1772087.75283481,114824.109375,1760126.1735304
3466,309.174385586249,1361.84,21136312.2965603,676976,21043654.4695952
3467,311.169018584525,1359.19,19228118.2471551,816406.8125,19224816.1768426
3468,311.169021976981,1433.81,1895159.40371094,108718.0625,1893338.342362
3469,311.168988822748,1384.12,6781306.54189452,455577.375,6779433.19264546
3470,339.200125756334,1360.43,19677289.1423285,649120,19439381.1328412
3471,353.888844770418,1438.82,431592.697648257,57657.1484375,398982.831088309
3472,373.884933630179,1437.57,1155435.63144176,99830.4140625,1091270.31776139
3473,381.203339702701,1376.32,18300039.6877352,690860.875,18061263.3038336
3474,381.203411384361,1421.16,5947905.36278125,329082.0625,5834404.64902503
3475,381.20336704224,1389.27,7914026.5128408,610033,7847589.805507
3476,384.87610078477,1436.31,1144753.61720259,119067.390625,1055092.54517479
3477,400.868020164641,1438.82,6889222.61664767,642993.5625,6216482.87689118
3478,401.870165744023,1438.82,288043.097465275,52064.6484375,278901.43129557
3479,406.869823191034,1438.82,222666.268203125,49105.04296875,221581.216073695
3480,417.861538299733,1435.06,762263.229058943,114740.828125,737416.708353044
3481,520.823062719621,1438.82,63369.0168017577,15597.5625,63364.0068017577
