,mz,rt,into,maxo,intb
1,128.046745668496,8.17698,49238.1975028799,12125.361328125,49232.8812868799
2,431.868200936122,22.3469,66193.2367928906,16008.130859375,66188.2223128906
3,353.888025114759,45.0565,113263.684424561,33068.8046875,111242.735670898
4,365.273991794478,36.2505,1157044.94988256,73848.71875,1099589.82161519
5,364.270835669581,36.2505,7006711.02622828,317764.125,6843443.8687872
6,484.850309793033,131.043,524791.14659375,69944.3828125,226289.596039645
7,546.825215509773,70.3664,1391498.43248594,112875.71875,1391481.9610526
8,546.825088586914,119.68,1793100.62086377,112256.9609375,1793079.13605127
9,546.825019606152,98.203,1644750.48993417,102369.4375,1644730.2514275
10,546.824943713671,143.665,1782956.29914583,115410.796875,1782933.57114583
11,546.825095688016,8.17698,1126602.46898981,95617.375,1126586.75548072
12,546.825101827095,24.8531,1409622.08880937,92410.765625,1409604.05400937
13,546.824968017191,56.4604,1157168.29510071,99819.1796875,1157153.1668098
14,546.825098402429,82.9856,1019651.84819922,116031.859375,1019639.21386588
15,260.129302996801,101.964,918283.400242829,61430.61328125,918264.414849971
16,260.129215318111,23.6002,1268862.22065555,62042.078125,1268835.70059555
17,260.12920254358,137.355,1100679.07597266,63974.75,1100656.28797266
18,260.129270508395,65.2721,867883.218001953,66435.5,867865.587801953
19,260.129246446067,8.17698,802101.232366113,68613.0078125,802084.068953613
20,260.129285146065,82.9856,974496.523143906,58586.44140625,974476.28015724
21,191.05618346121,163.878,44874.1473249999,9515.751953125,44869.1017249999
22,317.13956429685,203.076,104377.180619792,29669.6875,102655.700899736
23,494.502546951097,204.328,108598.726039453,30126.416015625,108593.681239453
24,521.530651198977,204.328,118446.021684375,34589.0859375,118440.976884375
25,533.53031812877,204.328,78632.4243667967,29158.169921875,78627.3795667967
26,279.163517828882,204.328,129408.260400879,30528.046875,124314.131446279
27,381.374035894138,206.874,623432.863343179,106657.046875,614114.575052268
28,465.467199685704,204.328,161718.3139,38235.953125,161713.2387
29,479.483201225876,206.874,230854.083966064,43689.8125,230846.518716064
30,491.483219044378,204.328,197478.562947545,36041.4765625,197470.976376116
31,549.562125299626,204.328,100604.75772998,26048.3515625,100598.42522998
32,577.593010890558,204.328,224976.499807059,45208.41015625,224968.913235631
33,267.143772903241,205.581,301541.450866071,75650.125,301533.870294643
34,393.373978085368,205.581,235997.661244419,52671.73828125,235990.080672991
35,423.420957587771,205.581,342078.485018973,96908.8828125,342070.904447544
36,427.121889493645,205.581,339839.879598214,75684.1875,339832.299026786
37,437.436444779424,205.581,250564.066342448,52858.6171875,250557.742175781
38,449.436517325559,205.581,385502.616321428,82590.34375,385495.03575
39,452.45549777208,205.581,183815.186450893,44982.43359375,183807.605879464
40,535.545906602542,204.328,306343.266612723,60024.890625,306335.686041294
41,239.067479356792,208.167,361227.554559896,110040.578125,361221.238726563
42,266.151419858328,205.581,1129412.83099294,175685.734375,1066393.89795579
43,293.179539560631,204.328,1098413.52585954,137193.015625,951911.37730323
44,294.13506591071,205.581,465234.874709472,79986.953125,465226.048584472
45,312.299319265042,209.412,398548.52424693,130071.578125,398542.228532645
46,341.270018623357,206.874,178468.605152954,47024.609375,178459.779027954
47,366.345989356228,206.874,122558.756142857,21537.001953125,122551.185857143
48,395.389369672978,206.874,683043.614083923,110840.3671875,676652.23476484
49,410.409054374504,206.874,276786.034446428,62850.375,276778.464160714
50,440.86061186151,99.4578,9436475.85204844,226101.625,9436422.76824844
51,440.860608174812,29.9477,6383080.7840323,216324.375,6383043.88606873
52,440.860581396824,141.158,4820879.70884766,228482.859375,4820853.17009766
53,440.860615856467,165.132,2729098.36551137,202930.5625,2729083.18878409
54,440.860578980072,194.215,419398.11035937,173084.828125,419395.60435937
55,440.860603758125,179.091,2688684.64894176,208528.25,2688669.51475994
56,440.860485094836,200.568,2368279.71998864,174808.390625,2368264.50835228
57,493.499199492685,205.581,499800.382942708,93927.8046875,499790.303831597
58,311.168970425943,208.167,1979209.59663612,140693.703125,756029.023879381
59,323.295705415764,210.655,1531465.4378571,222813.421875,1531452.83869043
60,407.389652522475,206.874,644750.989394531,113666.203125,644742.172894531
61,111.045156486821,167.724,3530016.0313958,101422.140625,3529968.00042283
62,111.045146224939,86.7904,1260620.1314378,86614.6171875,1260602.48659165
63,111.045155760726,28.6959,1177618.38751641,87779.0390625,1177600.71327025
64,111.045141688036,131.043,1361415.03388393,93259.3203125,1361396.04709821
65,111.045154987321,10.6847,1286398.38538888,83954.0390625,1286378.52340674
66,111.045172691744,57.7546,1146798.79450986,82372.296875,1146781.11563293
67,111.045151522372,151.265,1470307.92847969,99408.8671875,1470287.70127969
68,111.045160181581,42.5502,979580.611863707,83331.2421875,979565.447027344
69,111.045136203955,72.8711,834798.419769618,85763.8125,834785.74888073
70,111.045173172293,101.964,1193766.72863131,87687.4609375,1193748.994939
71,249.14963505029,209.412,943160.33005778,145539.78125,943150.163391113
72,257.17578222249,210.655,240641.343095881,42774.97265625,237219.570317234
73,309.280225957115,209.412,460722.690513951,113624.1875,458763.018585556
74,324.299049019649,209.412,272834.606687175,66565.125,272828.305853841
75,326.31501191484,209.412,309886.740786784,79009.75,309880.439953451
76,330.27359808002,210.655,360403.787716146,131526.09375,360397.486882813
77,339.326767134594,209.412,1062033.10320215,192968.5,1062024.29545215
78,351.327117725117,209.412,260079.78621596,57850.36328125,260072.231358817
79,353.34270813657,209.412,1072019.57787012,174286.640625,1070717.37375095
80,365.342698908442,208.167,815486.065168358,153092.828125,815474.748568358
81,451.452315042377,206.874,709082.830134765,117670.375,709072.768801432
82,267.233225264933,215.629,1672028.98400719,151878.4375,1157077.68724904
83,298.28345188036,211.899,198360.400997656,48424.8125,198355.426597656
84,409.405335898358,208.167,1312947.735825,180101.4375,1312936.430025
85,347.885997009129,160.121,54897209.7129096,458741.84375,54897046.6230096
86,347.88597767008,21.0921,20225206.9178552,411451.5625,20225148.1652547
87,367.35819802174,209.412,2452782.85359955,275547.78125,2364424.54739793
88,297.279942164302,213.142,2237170.01244559,279986.5625,2232039.95154882
89,282.252285002433,213.142,753396.38720628,146512.703125,575644.524397807
90,325.311339712927,210.655,3728999.83396959,447871.125,3727294.46789866
91,270.252034670686,214.385,712608.941326705,127757.1171875,703856.437361793
92,239.129174415603,216.909,1154267.33359571,258982.265625,1146585.82155068
93,251.096005782426,214.385,2803871.3070783,472551.09375,2803858.79344194
94,302.242142558303,214.385,1619029.44062322,217344.71875,1619016.92698686
95,223.134096230207,219.441,341061.830929687,106579.6875,340184.407648228
96,311.295803529976,210.655,4111111.38399896,559870.4375,4086601.25687411
97,400.094343611371,219.441,319787.956634115,112872.734375,319781.513300781
98,240.20517470377,218.195,852198.767523004,150511.25,852188.574634116
99,270.215660257651,219.441,987993.092443848,186095.40625,987429.679571992
100,329.270082077361,213.142,4377342.98734687,505567.71875,4374543.57595884
101,200.020201207606,220.686,934970.793108399,210729.046875,934961.843608399
102,287.222849815569,220.686,384638.498308036,91144.0546875,384630.82859375
103,294.179639732573,221.932,265396.5818625,93351.7578125,265391.4490625
104,313.078988137886,219.441,332446.1214774,53124.140625,328628.910438966
105,169.05069357753,224.609,112016.691234375,30248.634765625,107484.835020433
106,236.06812818113,223.361,210810.818056641,60541.05859375,210804.393056641
107,242.22088471276,218.195,2950022.69185313,415152.625,2895903.10417777
108,293.175937092277,220.686,2515638.50698612,416550.96875,2515628.26520834
109,382.083784677762,220.686,1002800.31205643,169218.3125,1002790.07027865
110,269.139668562343,221.932,389507.125788575,70688.8828125,383676.864538928
111,283.191556073605,223.361,320662.317800223,65753.609375,319995.931049234
112,285.270999921966,211.899,6801072.27209198,907521.0625,6790513.54135978
113,299.259329276652,218.195,1468567.47848224,171200.25,1463931.79711761
114,399.091013101736,218.195,2124615.6697183,375005.3125,2124600.43802599
115,699.298659850795,223.361,687129.048600585,115119.2109375,686409.094852569
116,99.9255830053059,225.857,124549.124390625,33037.21484375,124542.693557292
117,142.923948255971,225.857,78714.1726406251,19444.9296875,78709.1422406251
118,214.189470446848,220.686,1164839.24455433,139280.578125,1164826.49909979
119,255.196706465605,224.609,515330.235853794,94491.6015625,514762.852083528
120,272.231229014074,225.857,308394.304195312,53613.33203125,308385.372195312
121,301.238659943569,214.385,9672408.00372852,1308333.25,9656300.78207053
122,184.142445070013,227.151,116598.02721875,34113.6640625,116591.74721875
123,198.158156911508,223.361,774993.345075994,121618.171875,774980.628712358
124,211.170537229089,221.932,561343.879225852,82009.0546875,559565.657464536
125,228.205037462847,218.195,4057331.57559082,509055.40625,3925632.21627022
126,381.080487668511,219.441,4883212.27685157,706151.875,4883197.01285157
127,565.197972090095,227.151,139016.934210938,36004.83203125,139010.654210938
128,141.923777244622,225.857,1132300.8470638,245876.078125,1132290.66039713
129,162.982480759348,228.4,237665.659316406,47162.82421875,237658.129316406
130,297.243726464327,215.629,3979724.71128692,545188.875,3962668.25621258
131,344.977849788502,228.4,124748.186128418,17858.302734375,124370.08500174
132,239.201909869587,216.909,7106338.84752796,1030337.3125,7019904.25604925
133,241.18108738837,225.857,445257.295557455,69596.703125,443173.260171959
134,257.239906170907,214.385,12621439.7303408,1572074.875,12587757.7414265
135,369.373854320538,229.649,150902.14575293,52513,150895.71325293
136,698.295917025516,223.361,3848486.20296034,507137.84375,3847463.64732387
137,215.128861492335,230.897,94876.5039234376,33983.1484375,94871.3647234376
138,235.134078150648,228.4,477997.386690505,72899.4453125,477068.252411009
139,271.227936631526,223.361,3042544.42312449,404679.1875,3012651.86627511
140,271.994878279632,230.897,89095.9311865235,18569.94140625,89089.5370198568
141,286.989880648381,232.146,175932.760588867,43241.9609375,174334.449136658
142,186.15807227092,227.151,1026503.28138323,120257.296875,1025905.00099591
143,195.139184914628,230.897,219071.952908736,37507.984375,217828.879761231
144,221.049087131021,233.576,238781.722736328,43955.98046875,238202.44043459
145,227.165453286104,229.649,414568.116142654,49543.19921875,412505.239132022
146,239.165410279898,227.151,202426.24031901,17472.232421875,200262.806547063
147,262.035703063193,232.146,96929.8577544924,32697.0390625,96924.6841544924
148,285.010860574877,230.897,128974.560105566,31267.7890625,128547.792183044
149,297.047231993409,229.649,711570.257964681,103965.796875,711048.681336023
150,299.026696400981,232.146,290946.6034,45323.671875,290936.4018
151,170.126823557427,233.576,116489.293807059,27383.1171875,116481.611235631
152,193.054100933449,233.576,278588.487424525,51375.921875,277816.731231039
153,209.154735724631,230.897,498601.865829264,83133.3828125,492094.958107918
154,254.14811463045,230.897,664761.001272265,113757.6796875,664749.522672265
155,265.075130220014,233.576,88633.8851106771,18420.96875,88627.4567773437
156,268.979562550707,232.146,308284.439162543,46026.33203125,308274.211606988
157,209.094960140806,230.897,996618.274680398,160793.4375,996605.54740767
158,239.129093146122,230.897,1125810.96603272,185861.828125,1120087.96264828
159,269.212368987668,218.195,7256691.56350937,867364.6875,7246245.06037667
160,697.292401277317,223.361,10590497.5061891,1317668.375,10587606.4505951
161,187.13411108078,230.897,367421.99056071,54738.44921875,353135.624531313
162,235.064725970464,221.932,3685479.33375661,561730.75,3676990.35285298
163,373.186904425859,237.363,74254.1510371093,12994.2421875,73889.9126313476
164,165.040921317038,229.649,2125443.16577158,157678.109375,2035464.29442289
165,252.087840840138,237.363,84389.7092185872,15001.2177734375,84383.4400519205
166,197.154790855268,223.361,7159152.23632059,934757.6875,7155196.89578878
167,199.043552863645,236.116,558509.831271051,92235.15625,558499.654382162
168,200.173763110836,223.361,3959096.54171224,507915,3927990.38227529
169,221.154900837412,238.609,147147.57319336,39843.75,146864.060954721
170,250.144955694411,234.824,435617.125205357,51620.6640625,427480.557769104
171,270.995203339526,233.576,892211.329973708,104255.3828125,892196.109358324
172,271.264317623105,237.363,241863.30776237,39705.01953125,241853.130873481
173,327.327150535366,230.897,659110.671296317,83424.0703125,658300.108997923
174,154.063601635429,239.854,65368.310921875,17877.453125,65363.296521875
175,163.061590020788,241.099,124733.74160498,21262.572265625,118122.657399864
176,225.149731403121,236.116,710860.071173157,95774.515625,704752.767690735
177,239.059799654847,218.195,1204912.66728516,130298.3125,1203228.29984469
178,239.059889586245,238.609,585407.335701349,83149.703125,583980.618214673
179,219.139102966687,241.099,133313.234172363,34420.22265625,133306.971672363
180,285.279952462054,236.116,675427.754925711,86378.53125,674646.99409438
181,167.1442145803,242.346,143686.704303851,38957.4609375,143679.157160993
182,177.092135510158,239.854,668399.378496875,103377.1015625,623271.757230315
183,191.10781427018,243.631,157463.534735026,35376.21875,156100.913483724
184,201.149711266814,238.609,585940.186995326,79652.0625,579552.360896302
185,253.144668534137,230.897,4754059.63683984,670264,4754041.89883984
186,257.139622956331,243.631,93458.4823020831,19860.423828125,92269.9085605409
187,180.030291947942,244.878,128628.337017578,22720.27734375,128622.032017578
188,193.054144411041,247.416,81433.9144259764,31221.072265625,81428.8592259764
189,212.075237791911,246.168,111332.333538086,31777.50390625,106001.484760667
190,213.18616008092,221.932,9186443.29635729,1196704.875,9068037.21241036
191,235.170488655683,238.609,742270.260504455,78243.1640625,609236.174999577
192,244.236283801393,243.631,215503.53675,50208.35546875,215494.73775
193,355.168247779383,239.854,1282989.62862598,154124.390625,1282975.79704264
194,156.111103704056,239.854,1548479.31502686,196947.59375,1547718.53083492
195,174.004436812879,243.631,1890910.27434162,336075.625,1890897.73252344
196,183.139065366065,227.151,1993114.62661667,214209.421875,1990280.96068168
197,187.007125802175,242.346,1607526.52933558,258521.65625,1607513.9875174
198,99.0813276183211,243.631,574728.113929332,79596.375,574096.965585462
199,199.134132637131,244.878,1026965.83619736,95552.703125,1014123.00104459
200,208.098072893562,246.168,257574.714183594,40018.34765625,246345.147356119
201,212.137423186297,241.099,2245612.89283322,326691.8125,2245596.56576179
202,234.077209234759,246.168,176259.404102539,38910.921875,176250.577102539
203,385.165771651638,242.346,902694.295626604,101467.390625,902677.968555176
204,206.163181005164,237.363,2676237.29592274,299624.59375,2676213.22081163
205,214.051183979222,248.665,156041.59542062,39253.71484375,155761.858111183
206,225.186222775268,219.441,1704840.42815625,243105.390625,1675729.75052524
207,227.129054652202,239.854,1385728.13066672,124939.5078125,1376733.30983375
208,243.233018818389,243.631,2024721.37793072,227439.0625,2023726.74618032
209,286.238819984402,247.416,525553.540700045,70008.8984375,525540.976853891
210,158.126787084167,238.609,6268526.80361759,527708.25,6218742.01735318
211,172.142496409142,233.576,3894215.65528018,297513.90625,3834210.96702861
212,194.082287811442,248.665,135200.518856166,28957.49609375,135192.961427595
213,213.149752775562,238.609,1407665.26370703,140576.15625,1405328.02574081
214,217.054089215262,247.416,1217308.62494063,197899.90625,1217297.28854063
215,229.217292638332,246.168,387443.821749609,64606.546875,387432.485349609
216,242.212887531421,247.416,269712.317291015,58228.39453125,269702.229291015
217,265.108185368445,242.346,976915.117302856,122178.6796875,976896.255740356
218,385.178667594509,239.854,2854775.46487354,310367.21875,2854755.20287353
219,386.182147523159,239.854,724152.769233032,72662.3203125,633305.222698792
220,401.160609362082,247.416,627906.593735439,82163.5859375,627894.011008167
221,197.118467697201,239.854,841594.861772949,100185.265625,838928.609699241
222,185.154741835984,227.151,9688233.99707154,1131633.25,9542325.54072871
223,202.189559482923,252.406,103256.248549317,22334.58203125,103249.942715984
224,243.123774809451,252.406,373821.34245752,51119.4140625,362379.546463083
225,333.07720079534,249.912,268342.170523616,45628.2421875,266728.887478988
226,225.113393997973,252.406,367289.061985474,52067.81640625,364004.228504268
227,169.123455885294,232.146,1411034.12935182,159684.90625,1405074.40844355
228,169.123490378112,252.406,497892.089563802,60615.6484375,492381.441657064
229,237.080448100174,233.576,1135853.60696875,94861.234375,1135838.36496875
230,237.080459578342,249.912,1119229.90114798,109673.5390625,1119211.02414798
231,112.016642356995,256.232,149350.016012974,34816.42578125,149342.455155831
232,145.11199687258,254.942,453908.336375,62107.61328125,453388.903515415
233,145.114509284247,253.695,375368.156779297,59919.88671875,373528.040423653
234,179.071480486538,256.232,195026.485104167,22151.423828125,189198.275049758
235,289.087119182601,258.727,216502.179282151,41272.19140625,214129.425154372
236,166.0511677557,259.976,974082.531937501,159893.4375,974074.96850893
237,196.025119123183,259.976,79945.7105714848,31125.861328125,79940.6809714848
238,201.186172070666,252.406,1648913.01133594,213784.140625,1648895.38253594
239,418.158863540622,253.695,511832.542134917,62696.87109375,511817.449827224
240,930.688236555478,261.227,340314.614664063,71303.5625,317672.741560948
241,172.106091446992,263.766,119106.95125076,31452.99609375,117368.133952807
242,187.170457833847,256.232,568933.102729643,80597.546875,568918.009498874
243,246.113331655179,262.476,104038.093553907,29944.720703125,104033.027153907
244,149.097208139759,257.479,709482.022237995,102199.703125,635643.055611545
245,156.074834752682,265.016,67063.0913070318,17755.25,67058.0257070318
246,165.040920269694,258.727,1598795.03504102,243078.0625,1543094.80349485
247,172.991481801904,266.309,196254.860604074,48517.52734375,194621.421204878
248,201.113422591622,257.479,795633.189893861,76178.7734375,764046.03105509
249,95.0499700606761,265.016,139760.785811035,28865.927734375,138068.473746826
250,139.076503787297,263.766,288683.337730824,36357.5234375,274071.851831055
251,213.96379020533,265.016,111262.445239063,49682.0390625,111257.378039063
252,409.108272766787,256.232,813169.699092946,65652.046875,813149.563563534
253,417.155784314951,254.942,2606816.4628478,205778.015625,2605581.12568515
254,185.118387988476,257.479,857817.231948185,74237.8828125,827071.440675106
255,203.092696691976,265.016,217529.563799716,38310.88671875,216158.43053229
256,211.134083791902,241.099,17723609.0958062,2129330.5,17709072.8823266
257,242.176376437592,254.942,1080040.76345898,113732.578125,1080019.37745898
258,155.107840528497,238.609,17068497.4560156,2184556,17046314.4727211
259,160.142487893574,268.81,71376.2808247067,13288.958984375,71027.0739525487
260,211.097760336776,267.559,339936.399608203,42268.7109375,298383.068428231
261,228.160559728013,267.559,154307.327464746,37962.8203125,153620.003968359
262,167.071390974275,265.016,803199.118638956,40724.94921875,686522.314863964
263,241.108355768463,265.016,1041432.54548855,78583.0859375,953051.639667927
264,113.988925911479,266.309,169403.392928809,40443.171875,157506.581094703
265,163.076554814203,263.766,794958.399900209,96000.0234375,787461.575142833
266,169.065835088487,271.31,282124.352792968,46087.234375,252903.776494491
267,205.159846046102,237.363,18146415.498068,1784646.875,18072540.7681046
268,173.118342181289,258.727,1341561.55146102,63465.91796875,1291575.78164124
269,130.095441931116,262.476,4296055.65445386,277986.9375,4286686.41225372
270,166.123819359985,273.85,91164.809428711,17319.720703125,91158.5115715682
271,182.046005377146,267.559,1613035.83864624,199295.4375,1552147.96118007
272,144.045223464274,278.873,74742.1457699216,12444.7568359375,73607.6779231443
273,159.13909785723,270.06,1840049.14338574,206787.859375,1840031.51178574
274,121.06589255393,270.06,846284.136825753,113417.328125,839315.611693429
275,158.061162951693,273.85,539159.24083496,66044.2734375,535959.639628793
276,152.035453846556,273.85,553450.113692505,42317.0390625,403815.103332022
277,211.117001744861,273.85,1576122.5620054,169818.0625,1574398.75319729
278,146.126754503776,278.873,193320.698078003,41737.68359375,193311.905203003
279,191.128949747159,280.118,67954.7937249999,15561.005859375,66482.6322343749
280,155.071441067937,263.766,2409485.48416199,224721.03125,2272501.29609096
281,237.043963476114,282.612,110602.394650635,19086.525390625,110594.841400635
282,117.08074255962,283.899,240703.45407848,43412.35546875,240128.656951928
283,144.111122628776,253.695,14768462.3965523,1380973.625,14654564.7467783
284,232.117251130902,278.873,2492910.77748548,308336.78125,2492310.36434967
285,193.050597841583,281.365,1264073.92108093,148123.046875,1240240.07224222
286,134.061212993355,286.443,85708.0985004066,16289.5771484375,85701.7793337399
287,169.087125873085,271.31,1345410.30788603,110965.765625,1266377.10415757
288,169.087116558984,252.406,913906.082770441,77718.453125,843610.106856139
289,137.024392901507,280.118,584035.749448959,55439.28515625,458046.500143152
290,141.092175967907,247.416,1451341.65814177,132823.21875,1424969.18685143
291,141.09217530523,267.559,921892.027773437,69076.5390625,898542.688021665
292,149.06076490212,280.118,1345689.84872591,98272.59375,1314152.57298174
293,187.097681743491,263.766,1374906.59376495,69192.390625,1200353.39326103
294,193.017613060447,285.147,318211.787813964,54257.4140625,316089.626988642
295,225.076963474694,246.168,2875978.16561058,130555.03125,2875930.10243109
296,225.076956472968,280.118,1123638.00948073,87756.421875,1123619.12048073
297,214.072261952451,282.612,1167161.09587191,102951.7109375,1096025.53088345
298,189.113362140585,290.195,183038.215600865,34562.625,183030.675315151
299,135.003303388996,291.447,356790.493897353,56962.3359375,356780.373008464
300,107.050183279656,282.612,796508.913381205,100970.3046875,669461.208033965
301,199.097661627325,282.612,1038587.79710008,60176.328125,912926.913818775
302,102.027603142454,295.24,133845.916110677,18927.578125,129738.166814591
303,133.006210079075,291.447,1167599.24358984,197669.953125,1167585.37075651
304,175.133977392061,291.447,275939.142073598,39262.66796875,275926.518437234
305,188.986372778013,295.24,85395.3945703127,18071.458984375,85389.072903646
306,202.087593690517,292.739,351857.760739746,53952.95703125,351845.186573079
307,145.08704847144,276.381,1670060.30531652,54231.25,1487356.39578701
308,250.02620757861,295.24,215146.462066406,36974.0703125,215135.132866406
309,374.197658044888,299.033,111208.208346354,30858.515625,107471.828917327
310,167.960863210893,236.116,1312941.86303711,69072.25,1312907.63089425
311,167.960841853791,276.381,614493.23215341,78102.3828125,614478.175426137
312,167.960852110398,291.447,814489.605565428,51513.56640625,814468.129252928
313,167.994009733674,300.282,101646.568669922,27221.533203125,101640.258669922
314,116.079797033391,283.899,8475401.10853515,486043.21875,8421069.60094365
315,131.071392203289,296.533,887745.439689041,81596.28125,700671.575941144
316,167.034990001441,301.532,226489.902827454,40886.265625,205730.895153457
317,210.113668973827,273.85,14451438.4644244,1405600.75,14037070.7872944
318,91.054902858535,304.074,187941.844727539,42046.25,187933.027060872
319,198.113652195193,304.074,346210.834481526,52240.66796875,341345.338734646
320,137.051869669223,302.825,383019.115649554,52251.1015625,382224.153042052
321,249.022751713343,296.533,2910871.68200457,210902.859375,2910843.92300457
322,137.049412115834,304.074,574504.392073081,68924.421875,574488.026806414
323,149.072022899422,305.323,258163.475426116,46454.73046875,257137.406353335
324,214.059229068214,307.869,166404.784992676,35217.68359375,166395.956242676
325,231.113939537496,278.873,19560592.010602,2101096,19510035.7260979
326,159.102685601169,302.825,1575621.93450673,138959.359375,1516500.70273482
327,460.927967463544,311.622,100044.279973828,31341.88671875,99710.7875709178
328,135.971026433182,312.917,59401.374999721,11693.6123046875,57992.8929499456
329,440.931331823802,311.622,88936.1401054686,27067.150390625,88929.8476054686
330,372.062879151694,309.12,561647.066804565,56033.875,561629.406679565
331,375.031021082765,312.917,918410.39202723,87954.5078125,915492.925505137
332,161.118408865135,316.715,102997.722649658,17592.859375,101947.441446461
333,355.044937916077,312.917,595374.818867677,64487.4765625,595355.894492677
334,203.045030089363,319.217,98148.4034501954,16560.369140625,98140.8299501954
335,213.055848256621,306.618,2105339.05203407,175470.640625,2084703.62281636
336,154.99872212416,319.217,93553.8728906252,32129.291015625,93332.4016992189
337,176.020864323771,312.917,808253.31062541,84377.3828125,808230.590835936
338,354.052625680621,312.917,3225958.51138945,251232.578125,3225933.27838945
339,371.059600691854,309.12,3299125.89578924,246928.375,3299095.65370228
340,133.087067352776,319.217,362828.989044532,47383.96875,354190.978288884
341,173.081903651084,300.282,842070.122959799,89484.25,786142.414534756
342,149.024446447569,317.966,753038.274368106,81488,731238.478551085
343,202.043975682649,321.721,1649165.5572278,213862.4375,1649147.87149447
344,353.049189048944,312.917,16529189.3617805,1298827.625,16529162.8671305
345,137.060813899788,321.721,490856.304968263,45887.2578125,364440.466178312
346,111.008779435655,320.468,1910832.7717716,243259.3125,1722860.57010292
347,136.048481987799,302.825,15752596.0065652,1515890.5,15732386.2451923
348,136.048521222024,331.823,732261.709783381,51882.09765625,712906.230164991
349,179.01155792065,334.37,610828.004350329,51680.26171875,609981.113114142
350,192.066739081036,330.571,2097836.68888073,104573.234375,2048472.25868898
351,406.870617942243,343.223,50962.1882275391,11386.5244140625,50957.1442275391
352,149.000898454694,333.118,4016593.15914572,252163.015625,4016565.36262398
353,74.9902408587839,344.475,104780.033966309,10694.0224609375,103562.365645955
354,92.0213382188719,345.728,109316.658666797,13444.759765625,107840.961590397
355,152.986443828476,347.024,83347.1799029946,28700.9921875,83340.8832363279
356,214.072287537572,343.223,645792.158929167,72365.9765625,585648.940385287
357,201.040600132082,320.468,19262190.2665894,2402322.25,19065320.5086738
358,158.082296617522,348.276,1523260.49702604,150521.21875,1465483.87125254
359,103.076319695509,348.276,588096.801613769,61006.6328125,588075.353280436
360,102.064010478838,336.919,2608525.18212799,234434.90625,2596955.33819225
361,102.064033652443,316.715,790083.126260217,71265.5625,781710.505297777
362,178.051040901672,354.578,641157.050660682,212506.203125,630018.535054051
363,159.102729877167,354.578,448734.966891334,87631.96875,399906.761102176
364,122.032888061924,354.578,1739019.53551548,480111.09375,1689961.98879295
365,125.024402251018,350.779,724583.812140321,98883.28125,563325.269508939
366,145.123407404678,278.873,3462820.09362477,361485.46875,3058811.60682617
367,171.114009901131,355.828,126166.787073382,32517.3125,121051.926475125
368,147.066338821856,355.828,419765.465543879,65132.5390625,397566.016886995
369,230.012904370766,358.375,141491.269129931,39999.203125,141482.420429931
370,100.04831651842,359.626,150361.710845006,30964.052734375,148557.857600617
371,196.028708081334,362.13,118878.559440376,17326.49609375,118868.430551487
372,223.983259308661,362.13,164699.917171875,39348.19140625,164692.333171875
373,263.103727004166,359.626,347365.729688314,50162.82421875,344482.377203801
374,194.045914201267,364.674,272106.455815104,44516.578125,272096.365148437
375,127.076491166596,271.31,4001147.09882764,153576.5,3406280.44553388
376,131.0713834843,369.727,319321.257963378,50330.296875,296647.142906888
377,186.113758392471,377.323,48055.6566744138,12284.3203125,48050.6150744138
378,133.050655235261,376.028,250949.563189453,42574.83984375,199805.610349856
379,176.038730491382,372.231,1326080.90369971,137668.046875,1326063.25529971
380,130.059063288917,377.323,619420.292510741,66803.4375,587980.180475474
381,171.102770214815,261.227,3226832.53862865,238991.90625,2876692.28589287
382,171.102769567443,280.118,2425751.26042602,190536.9375,2054208.23956384
383,99.0085740207012,370.979,1978468.25477911,281608.34375,1831787.23926061
384,419.993705279254,387.418,139261.46429362,29621.267578125,139252.613960287
385,151.007068564491,387.418,313969.390038194,52597.625,313959.310927083
386,270.0653183189,388.667,114923.447907227,30856.61328125,114915.881907227
387,459.98590369885,389.917,66233.6556234374,16106.5302734375,66228.6572234374
388,314.029519251967,387.418,323913.523759441,57195.16015625,323903.409092774
389,76.0116119384766,378.574,459512.392253907,41386.3125,413647.172922157
390,117.055759198146,374.776,1813990.71047214,197776.15625,1555701.77828335
391,133.991792643386,387.418,882104.339878124,104733.2109375,765357.842608007
392,248.057480700208,388.667,975972.872008789,140608.5625,975958.996425456
393,88.0481367769276,387.418,672254.271730434,77059.3125,672237.84994472
394,210.060789074899,388.667,1223262.71502751,165988.25,1223248.79911084
395,292.047455682423,387.418,828958.508088585,115689.984375,828944.592171918
396,209.06834920222,388.667,2086271.450375,248711.296875,2086252.524125
397,86.0324534257465,396.259,527383.427472982,74313.5703125,518406.971856908
398,128.043425587802,398.762,54450.4510532226,10929.3857421875,54444.156886556
399,144.0666486633,396.259,499187.636767923,49707.60546875,407644.688665424
400,83.049781788617,400.013,166356.361072998,35300.1796875,163498.740748649
401,208.064997568368,388.667,28892977.1264436,3417971,28888062.4597276
402,113.06083381282,265.016,6556787.65778922,147996.796875,4923227.96742768
403,325.065738374335,405.055,277880.900564454,59525.25390625,277423.942541657
404,170.08234185702,378.574,1981460.78293269,156062.65625,1743598.01092247
405,170.082363951992,392.417,1645159.43945854,149705.265625,1407427.20189637
406,78.034411739536,407.596,40763.4467636721,8947.9423828125,40758.4171636721
407,126.032781304606,406.348,117929.917748698,30202.822265625,117923.603582031
408,263.064954162461,406.348,1101751.76274114,158998.21875,1101737.9052796
409,277.059680933182,406.348,449798.226703321,72151.203125,449786.902003321
410,285.072936371463,406.348,769238.485534269,107529.6875,769225.909170632
411,287.088586263617,406.348,698083.137048118,98757.71875,698070.560684482
412,437.930769464669,406.348,180978.282597656,33569.578125,180969.462597656
413,123.02818035506,407.596,712687.950201741,115428.3203125,711654.813073686
414,231.077650643748,410.093,130283.736733887,28006.162109375,130274.914983887
415,242.08646468385,406.348,1571498.23148167,201652.59375,1571483.11332782
416,304.078857853506,406.348,1058613.63070207,135763.65625,1058598.51254823
417,126.038999681752,406.348,1728169.48183333,201776.046875,1728151.8605
418,294.799884557542,18.585,6107686.82582438,146806.234375,5932141.40000305
419,294.79994229855,215.629,2430205.8595737,189413.109375,2364075.69620569
420,294.799947313387,251.159,2591540.78332552,141476.21875,2513773.14327794
421,116.043437852233,420.187,147997.676950537,34889.12890625,143544.893075279
422,109.051938772416,413.888,740242.878049088,85471.3203125,525275.779400816
423,241.083138080349,406.348,15389879.8279632,1771694.875,15373987.006772
424,287.103873900993,418.936,972746.182909249,146205.109375,972087.142902721
425,665.779334124625,425.231,347789.838258069,60211.8828125,331290.595595098
426,155.962922527089,425.231,263905.175727805,36120.85546875,263893.850455078
427,166.926534085788,425.231,276623.413927734,49432.39453125,276614.586052734
428,164.928586765966,425.231,633098.636182031,94664.7578125,633087.270982031
429,327.108381048754,430.277,196702.815026138,30324.939453125,173738.220110642
430,119.050189517264,431.527,930894.468920458,188399.90625,922339.18398711
431,164.043527043783,432.815,1638306.30410254,298882.125,1636320.8119507
432,151.059402850805,437.795,149005.325421094,49625.8671875,149000.347021094
433,337.14092995656,436.551,187673.906718751,46524.296875,187667.681718751
434,345.126365570544,436.551,217444.113281251,50029.03125,217437.888281251
435,230.04104986544,437.795,220836.596297851,57519.140625,220830.241297851
436,231.062269178034,437.795,154488.949260882,32365.564453125,154481.34383231
437,265.965109091935,437.795,86988.1848749996,19558.291015625,86983.0800749996
438,74.0322685251907,439.04,177018.291598958,39557.83203125,177011.902432291
439,170.070740847549,437.795,335703.448014915,59762.16796875,335388.581503146
440,190.048574709586,437.795,677414.998979926,97619.78125,677404.823868815
441,97.0292870493707,314.168,1409215.99335937,129882.578125,930204.142505026
442,204.043345410525,437.795,223111.164669434,38882.31640625,223102.273794434
443,119.071364007559,441.688,163930.069614697,31648.00390625,163921.072514697
444,163.040165799868,431.527,19472469.936841,3285106,19389958.2564053
445,138.056092725036,439.04,518913.51146471,58646.3046875,412974.589344301
446,156.038495464833,350.779,902366.525704964,83870.453125,638404.072031296
447,186.040879255295,442.974,167622.5184375,29731.591796875,167614.701294643
448,150.056060677813,437.795,3172297.46853906,416470.34375,3128304.68327686
449,112.017074483979,446.91,107502.717810059,27484.32421875,107496.312810059
450,311.049813141684,446.91,119189.35018086,39719.00390625,119184.20058086
451,164.002410359607,444.223,1229564.35212598,179682.375,1229550.27395931
452,273.072914899015,446.91,506376.283056153,88435.2890625,506367.339681153
453,112.023363857215,446.91,978280.586964841,153523.859375,978268.963464841
454,228.070861992217,446.91,959736.246205075,149831.765625,959724.622705075
455,249.049365649083,446.91,589647.392608885,99546.3828125,589635.769108885
456,271.057345174376,448.16,212292.386017944,43345.0234375,212283.438267944
457,263.043994217681,446.91,538506.550930078,76225.078125,538495.065130078
458,290.063097269089,446.91,830194.901749376,118768.4453125,830182.024476649
459,123.020069585551,449.41,369418.664587891,80484.53125,366839.882331421
460,164.043489470974,455.701,78788.282980078,27205.279296875,77710.8299382115
461,169.070003135172,437.795,6321715.5804004,792520,6314830.4415752
462,255.088488046499,455.701,466662.904629686,64271.37890625,466651.449429686
463,227.067526434021,446.91,10024684.3583543,1501971.25,10020407.047627
464,108.053557090491,459.638,153668.333231027,38199.12890625,153661.918945313
465,139.040129326949,459.638,285838.897568813,41322.00390625,227788.697754692
466,152.043471732697,459.638,157500.60398019,28849.90625,157492.906837333
467,158.996746361104,460.888,126395.225311198,39434.30859375,126388.784477864
468,163.040146789705,457.138,1693370.87474707,276833.5,1620820.0570799
469,173.022058376641,459.638,321495.647504883,69827.375,321486.696254883
470,107.050173023065,459.638,2977551.45518115,500767.9375,2919484.84883647
471,108.021611509399,459.638,437694.522175375,80110.2890625,410573.277989302
472,109.029478691699,459.638,418979.0385625,67379.9296875,412689.071928681
473,350.027438172226,465.931,56382.7074566405,13779.9521484375,56377.6378566405
474,122.032893235159,459.638,378747.100275145,65997.2890625,316738.914640816
475,328.045489380587,465.931,1709805.7265625,300912.96875,1709795.6465625
476,117.055764147826,468.477,598336.788475783,85784.234375,404824.658176904
477,234.934003139638,469.728,65218.346394857,15611.279296875,64102.6960606217
478,269.248679417525,214.385,7945647.3601543,856887.1875,7711036.22788445
479,71.9822250262516,474.769,36477.1619437501,7804.0625,35931.3482159599
480,139.004133005857,474.769,81564.5298560795,19697.126953125,79648.3658998951
481,281.107968508902,476.019,147038.753326172,31616.625,130664.288759333
482,151.040076293894,459.638,2115880.37816699,311253.25,1884379.405177
483,150.017279059472,489.899,78662.1393404296,30206.486328125,77964.6751913138
484,135.045201653973,302.825,180926567.417436,17037072,180620574.67779
485,135.04519944618,247.416,5754970.77569006,278832.375,5394631.73370758
486,135.045223827809,330.571,9609983.08884821,588227.6875,9316816.30680039
487,207.865439791561,22.3469,20316889.6264465,247121.09375,19675912.5759877
488,207.865435092363,301.532,5567103.78957,219400.078125,5363174.04040997
489,156.007010781851,494.938,187394.48135491,47809.66015625,187386.924783482
490,176.991863236727,494.938,238198.384701415,44615.2109375,238189.576951415
491,290.064471202897,496.222,82198.60546875,28852.642578125,82193.55346875
492,241.048439023398,494.938,112275.165933594,32540.724609375,112267.611933594
493,156.013287281702,493.69,1604793.5559541,285417.53125,1604314.07875409
494,157.014113818288,494.938,347220.771304154,54909.48046875,343764.250987659
495,233.154803852784,220.686,751083.793867188,100492.5546875,451857.045216073
496,113.055021745005,499.962,360662.948869629,67584,360342.838623871
497,222.979990628124,501.208,102345.735635254,38316.359375,102339.470635254
498,279.038936674289,503.738,200669.659804688,55133.65234375,200663.359804688
499,129.038731749539,487.399,739806.624943625,55277.1328125,611310.517625548
500,197.042964271153,503.738,264780.283580791,43744.39453125,264767.718196176
501,200.056543328798,503.738,177962.486123372,37664.703125,169770.476679612
502,233.943545527046,498.715,622383.644510905,87415.3359375,622369.779927572
503,112.023390031144,494.938,879779.089156901,108970.390625,875952.534118483
504,231.94578107032,499.962,992101.196758562,121267.4140625,992084.836691895
505,135.050667830166,499.962,925264.487980434,125950.828125,925248.121909005
506,164.071849900618,499.962,1226341.92579869,145244.953125,1210390.34798258
507,265.04424143828,503.738,285680.052099609,46531.2109375,285669.998766276
508,289.06784121365,503.738,279640.08257487,58374.74609375,279630.029241537
509,244.06552389698,503.738,613205.565711647,84032.515625,613193.012984375
510,306.058095033378,504.987,1134804.30844673,168176.265625,1134791.75571946
511,185.064900314801,508.775,69127.4739326175,11898.455078125,68084.344001694
512,137.043664899577,508.775,130306.157514222,46843.609375,130297.340139222
513,155.009913863648,494.938,32958477.9464979,5161050.5,32951753.8334414
514,243.062290577705,503.738,7066731.53159156,976949.75,7060317.86419332
515,146.966001980203,508.775,2206800.43315194,298614.90625,2166241.5721617
516,124.991384808093,517.609,450006.241371095,82422.265625,449994.882471095
517,187.097724337413,499.962,787641.785965877,86458.875,617135.711297463
518,283.801300536766,31.1995,4127569.14130045,273809.5625,3916135.0901802
519,283.801485386041,215.629,3239712.3058817,252175.34375,3028395.32126508
520,92.0430969398341,520.108,110249.536352159,13359.0576171875,105750.424683615
521,285.799552992002,302.825,7339612.00804047,323573.78125,6922784.0294757
522,285.799614564238,216.909,7972603.61625,335179.75,7462206.82210828
523,285.79958938312,252.406,5139792.54635624,339584.71875,4850648.73297621
524,178.944469701214,528.942,67636.2189281248,23488.609375,67631.1837281248
525,222.934296469115,528.942,199024.95582845,45404.53125,199018.636661783
526,135.031587544261,530.192,282443.778351561,69439.7421875,282437.468351561
527,289.055736921648,530.192,167350.603378905,32851.53125,167343.031378905
528,111.008770600881,535.231,1370386.27523944,173375.078125,1111971.63882267
529,136.863255770566,473.518,6540222.97333783,194907.796875,6540181.22209459
530,136.863252773187,516.359,6157067.61779418,203304.4375,6157029.84572521
531,268.076960630385,528.942,405938.383521605,68099.4296875,405929.560896605
532,81.0453474464599,528.942,634966.553792146,117084.984375,631829.631501924
533,112.012165394708,535.231,46510.5345758793,12493.6171875,46505.5017758793
534,267.073531459571,530.192,4610618.76430313,623396.25,4610601.11216979
535,195.988316213682,539.022,143600.393923828,52380.90625,143594.078923828
536,284.26763800203,213.142,70312909.0131128,8230732.5,70038863.712066
537,148.043809553799,541.522,1118081.08196111,206430.375,1118069.77877929
538,151.026165833751,541.522,1077658.58033099,186995.40625,1076954.34373963
539,265.147969268624,205.581,9978630.45065103,1266289.25,9445803.06496548
540,344.878057312594,549.089,213859.252468749,54124.9375,203529.837317173
541,130.022659278232,545.307,447778.38909375,40312.6171875,390019.057067348
542,191.035092504488,551.587,114869.10009082,32295.66015625,114862.824257486
543,217.835921443723,552.873,107620.395020833,26913.712890625,105661.6229975
544,163.061400239913,540.271,578480.034386719,36621.58984375,538956.297656712
545,215.83737201123,552.873,409672.387517967,40569.4375,391903.124865763
546,220.082720177962,552.873,156179.864943358,26934.486328125,156172.3118005
547,258.056328865082,552.873,278300.127627539,47989.02734375,273085.164817016
548,287.052190029763,552.873,236425.919431359,45567.87109375,236418.366288502
549,116.007026191526,554.122,361184.21231391,50062.40625,361174.159869465
550,240.03645662869,556.653,95859.8221232091,27523.220703125,93855.5255797281
551,112.051658941431,499.962,9854527.64724999,1459135,9533273.28558698
552,227.793694359443,489.899,6427806.21095325,85123.8671875,6427640.72000842
553,183.077589194659,560.398,54626.0276081542,12170.9697265625,52901.1299941438
554,111.031271131006,561.647,51813.4062072267,10847.96484375,51808.3798072267
555,126.905111042246,550.338,561556.765631093,49358.3984375,440584.14027783
556,130.087335248483,523.898,1591724.4967644,156122.28125,1362954.67519291
557,283.078308563219,552.873,901148.114805339,97822.546875,845252.012204846
558,79.9566874114236,388.667,803419.336264205,48952.6171875,422834.083393268
559,198.040877503482,564.184,48885.1624176756,12122.4892578125,48107.9458713325
560,243.081710615893,564.184,71614.5275560915,22935.42578125,71072.0129995228
561,203.0827910184,557.901,499648.518769231,64781.5703125,499633.395076924
562,158.054019406702,535.231,2029509.40525807,63516.59765625,1215125.1084775
563,242.078637490764,564.184,1432626.64789893,183832.84375,1432612.83648226
564,120.996493381231,155.023,9852230.89911185,270523.1875,8837032.90521511
565,120.996493308248,373.524,3410473.33337788,214894.59375,3078101.03287691
566,120.99649903057,403.806,3304517.51703076,245331.484375,2889634.34699969
567,120.996511910276,36.2505,2545907.88255967,174919.609375,2263439.18530731
568,120.996504195291,55.1623,2154250.07090156,180805.6875,1921625.33653581
569,120.996497517496,334.37,2827274.02828204,335178.96875,2561185.58805401
570,120.996517030082,353.327,2948129.17888125,245803.296875,2682167.0664457
571,178.04403082208,575.504,52849.9412443578,9833.4833984375,51338.895718087
572,179.056206142748,562.934,1156364.31389673,99598.5625,958673.397565956
573,164.038806232072,576.794,71594.7169502647,10671.1455078125,71587.1578074076
574,256.05948374783,552.873,991643.578740007,135478.109375,979677.280225313
575,97.0656633755969,576.794,145332.406760741,28568.9140625,138108.869542472
576,112.016654867135,583.073,102959.735022583,27308.3671875,100315.307486409
577,141.055780595062,576.794,525247.975989614,76467.21875,363617.121558137
578,324.032164110151,584.321,84497.2673339844,27404.740234375,84492.0673339844
579,196.02518404272,580.539,733977.207645219,94588.6875,710831.135885396
580,323.028850868196,585.569,984775.637236238,165201.4375,984762.918145329
581,157.014261067039,583.073,1496149.19507031,109306.875,1312577.99260499
582,165.040522590222,585.569,1722765.83039062,165343.984375,1627803.70037868
583,101.980725272797,510.025,1649216.33598773,142435.734375,978371.471523262
584,124.048482409992,586.858,443396.160420726,51094.0859375,439054.214382778
585,151.061193587913,590.785,306259.023357245,57226.12890625,305017.416998882
586,188.056509585005,585.569,912549.079997007,108421.40625,730434.696227336
587,203.868998605084,213.142,18547847.812125,1225595.75,18242782.5259997
588,203.868989681346,349.528,23287979.7733333,954332.6875,22838805.4323056
589,203.868979607293,304.074,16479188.912925,903381.5625,16152654.6832826
590,203.868992431327,34.956,27183755.044485,1128053.125,26754103.8612651
591,203.86899645344,105.723,19425928.5888258,1044998.625,19099361.5798187
592,134.04727552977,499.962,19942023.3695615,2507828.75,19608412.375392
593,136.040386383069,508.775,2767866.26789178,388902.90625,2431825.07636514
594,220.082935976108,592.033,67556.5264358719,17713.748046875,67550.2906025386
595,99.0449536622724,267.559,4179072.66046002,384249.5625,3704885.91998261
596,99.0449565830241,358.375,3780563.03532005,497575.3125,3357502.01808494
597,111.02000135451,446.91,24781366.6506807,3523297.5,24376575.8592042
598,111.020008688691,494.938,23074716.952598,2415260.75,22539346.5904179
599,167.035018729309,585.569,611163.919786674,52522.19921875,528343.985246312
600,185.081977520884,265.016,3010853.63337109,167186.609375,2463345.85361372
601,256.059458587069,592.033,759590.710996093,100462.0859375,743274.678293994
602,91.0217547238375,344.475,4548183.8199176,264864.03125,3570734.50046759
603,100.003848750113,446.91,2014040.23162677,234865.8125,1767802.16393235
604,100.040216015479,552.873,1102730.02477923,104248.125,886066.378894737
605,100.040235907403,592.033,871628.871742465,101800.3046875,688024.878657279
606,150.042144721894,592.033,501062.964977149,80178.6328125,501051.343277149
607,177.040520014668,545.307,5923794.88443477,257799.21875,5773830.01332964
608,177.040496130736,574.255,2224795.24117839,175336.359375,2142014.99466371
609,111.045158470895,353.327,2828936.52194661,139116.234375,2023508.00909935
610,283.07813907993,590.785,973766.683957031,87436.7109375,958011.23951467
611,167.026195651587,597.057,311080.904417317,77491.921875,311074.493583984
612,197.055366093744,597.057,399077.962440343,76146.7421875,398594.551314633
613,262.917738852377,597.057,77715.2481738282,23739.431640625,77710.0905738282
614,143.071377065865,349.528,2148568.86179712,243101,1753147.51142451
615,187.001326205412,597.057,235364.249472046,45779.93359375,235355.335847046
616,77.0389772965581,597.057,329973.949565626,73539.40625,329962.371965626
617,167.023331388167,597.057,1651240.31125,262240.40625,1651226.23125
618,114.019651373973,357.124,2226584.01755036,326839.90625,1846765.57742345
619,122.032874980153,597.057,2905189.4821922,425629,2833788.18825891
620,205.867201475887,15.7049,28070540.6472435,1045967.625,27628593.5510095
621,205.867226965898,216.909,34263440.5050458,1101698.5,33683171.9875922
622,205.867209272895,374.776,78832937.1453667,856493.5,76858044.347354
623,205.867209611541,101.964,19854023.3598088,976092.4375,19518398.4366298
624,205.8672017513,143.665,22662946.5628313,961289.875,22271973.8548809
625,205.867193877769,275.097,21752985.6982053,869604.5625,21344410.1495475
626,262.01218343701,603.649,224860.942897136,41080.421875,224854.517063802
627,140.933736056935,606.19,56113.6049125001,12009.7587890625,56108.4321125001
628,166.022692832026,597.057,19226428.1435617,3048803.25,19224838.3292725
629,180.926345938458,607.438,95495.9804802252,16828.455078125,95488.3237302252
630,196.054412521392,595.77,2671396.37478882,322080.09375,2661462.20893771
631,246.057176821857,604.897,178600.621525781,43121.109375,178595.448725781
632,147.049292052101,607.438,72755.3183525387,17250.765625,72750.2903525387
633,211.931330950121,606.19,92742.6799140618,29943.009765625,92736.2515807285
634,130.957296997574,606.19,235636.367679037,58819.19921875,235312.51798089
635,288.909133797771,607.438,492934.301861016,77199.9765625,487633.921270869
636,134.864855785323,606.19,10041310.9014583,1089785.5,9864441.88735577
637,171.006559816334,609.934,106828.770243488,32481.7265625,106822.376910155
638,209.9343049123,606.19,423487.673208008,67581.578125,419560.025146109
639,217.029921612638,607.438,608875.944631836,107503.59375,608864.344531836
640,215.032946059985,607.438,1925508.58104297,272138.25,1919024.04953479
641,286.912063897439,606.19,1147981.32736817,145204.9375,1117517.84155497
642,136.863244931068,606.19,5556233.63577575,433442,4224295.79096524
643,423.029809013851,616.404,150905.875812825,15879.400390625,148017.57361973
644,74.032281108085,617.652,150563.257431152,34885.62109375,150556.974931152
645,210.931713194957,606.19,2151744.61172031,308385.78125,2005111.0361417
646,426.022382623936,618.901,111575.963368055,35836.65234375,109313.424103866
647,119.023552309433,617.652,292329.258339845,51490.640625,292320.282589845
648,139.001263768868,618.901,76797.8595831481,14709.9326171875,76791.5538688624
649,227.793622222288,604.897,2941213.4802776,112860.859375,2517904.19321816
650,191.01982017558,612.432,1549454.56065254,200138.171875,1475945.93051658
651,322.04486269378,617.652,1157082.0922966,193198.546875,1157069.35866024
652,116.071727487574,573.007,1322370.88010559,125757.125,999151.038854097
653,206.929036010916,623.939,66321.5760468742,14575.4443359375,63272.0108227706
654,118.022689998546,617.652,1795539.23068639,307946.59375,1795522.70490067
655,131.054353881718,623.939,84753.7518074337,17458.18359375,84746.1925574337
656,158.851277125258,626.482,98517.7596956374,32832.21484375,93439.8886989139
657,181.071891059955,616.404,1820447.81654531,218801.40625,1802697.51268719
658,127.040087455323,400.013,2656941.77241797,277105.96875,2316788.12193445
659,138.860170673214,606.19,1020154.96970654,97369.03125,792447.822931641
660,247.783842143102,627.731,57890.0449359378,15663.76953125,57885.0113359378
661,346.05598382466,623.939,704693.143382812,106055.59375,704680.573382812
662,133.944711160696,631.481,92960.8435546879,29837.251953125,87118.5417255112
663,249.781973932506,627.731,194248.842075993,37550.75390625,173326.813774557
664,112.015176975801,631.481,136730.009010517,27962.322265625,117237.263662727
665,140.919369469979,627.731,285297.940840575,42379.80859375,250865.15727847
666,148.033304601718,622.69,1718642.27106387,257713.640625,1666251.63385358
667,201.040604791452,527.692,1570314.23669531,139848.03125,1368062.00134855
668,214.049061102079,631.481,101314.092715169,33639.453125,100682.004498123
669,135.029956829539,552.873,2182300.84952343,235155.359375,1991857.54795188
670,142.917239846584,627.731,356690.283837892,49768.390625,284299.336186525
671,180.81305868055,628.982,738357.374576394,65061.8046875,633858.542040643
672,187.10887430736,628.982,1366341.92212926,245800.40625,1366329.31122017
673,146.065304202387,634.02,107983.452444662,29632.1484375,107977.135777995
674,188.07200167037,634.02,54541.1023476566,15113.33984375,54536.0383476566
675,251.960651993326,634.02,170643.062861469,44524.1484375,170635.495147183
676,78.9183613362463,627.731,653884.687194697,59110.61328125,484072.674068921
677,171.847845067122,627.731,539360.785159524,53336.3984375,472813.208454446
678,191.05623759145,559.15,959700.801119506,93992.0859375,766754.108846674
679,199.170457217532,224.609,33302412.0309862,4056822.75,32674486.5620805
680,80.9163424528861,627.731,742326.181167617,65002.92578125,531409.525389916
681,105.019223790917,540.271,1086187.8880375,105158.8515625,760280.737075062
682,160.061562211175,632.771,385009.740512955,44784.2890625,308924.541553599
683,229.011926048406,632.771,796450.149228682,117091.1796875,796436.326812015
684,145.061879843688,634.02,3619123.43943059,546581.0625,3614978.39477458
685,281.248717876185,213.142,6491864.02164063,547970.125,5904663.52870037
686,72.992525012422,446.91,2647987.49506348,315244.125,2290381.32327976
687,155.065689164894,635.269,463558.016369202,55470.71875,463539.113556702
688,241.217515069214,216.909,21050020.2535882,2694085.5,20492483.4173046
689,126.003194297506,642.852,119263.231343749,39228.69140625,119256.911343749
690,219.051165263471,637.811,404870.904085708,49840.1171875,383938.724438774
691,276.96889847005,642.852,265779.623468748,63069.109375,265773.303468748
692,354.946410077722,644.102,223313.818260741,48809.9140625,223307.499094075
693,105.007800025953,642.852,637870.186768229,137765.3125,637860.11387934
694,124.985640072515,644.102,337459.418460352,59847.23046875,337449.353660352
695,176.81732406167,626.482,1430206.7627364,92036.703125,1101564.77543746
696,239.016692151437,646.645,241412.657694878,53624.625,241403.812805989
697,104.006900049481,644.102,1915034.04101636,353689.65625,1915020.21676636
698,229.971760324149,647.894,240938.196832312,80749.1484375,240931.917546597
699,124.007352428125,642.852,4573783.34375996,646229.0625,4572796.75815063
700,131.046208471402,640.311,3192618.66650272,459074.5625,3170089.97678509
701,140.011900495149,640.311,909670.692211462,108388.4296875,908923.991290319
702,169.000569856963,647.894,383366.483291231,67334.03125,383356.374846787
703,169.993110200084,647.894,441793.578454425,91585.0390625,441783.470009981
704,189.97931637093,647.894,1059081.14667534,207501.71875,1059071.0382309
705,225.796011618449,603.649,13322083.1841087,368508.4375,9378338.73913438
706,134.017703438351,649.143,252272.209767857,58843.25,252264.639482143
707,167.997272003899,647.894,12246342.4364531,1915732.375,12246323.5214531
708,105.038609133744,659.225,82612.2928563368,18076.193359375,82241.6547581535
709,167.851548541563,627.731,1347242.40335721,104685.8984375,991040.025921802
710,175.091810283934,657.976,74902.4724868165,14156.3623046875,74896.1866534831
711,144.027812962976,659.225,118730.82221517,31432.14453125,118724.501381836
712,215.017476118377,660.475,230652.050683595,35734.8125,227405.296809344
713,259.022552912405,659.225,330378.136399741,69867.3984375,330371.815566408
714,174.088412810056,657.976,2088167.11294652,322592.34375,2087552.67907535
715,221.066837184694,661.726,61179.793786719,16087.6259765625,60407.1224822199
716,278.00054367107,659.225,118321.650653687,16107.626953125,117895.346734772
717,131.082617318001,657.976,660727.061538351,111930.7109375,658106.157201082
718,404.104204237322,661.726,225591.215898047,37571.12109375,223487.272031473
719,341.108937084837,659.225,974849.01485083,70407.1953125,944003.570619852
720,100.040225504513,650.394,1042912.30550208,91403.4921875,804666.020670032
721,179.056182052779,644.102,958884.332569595,95992.125,785200.929763748
722,179.056172968052,609.934,1165733.93043417,102926.0546875,878719.113531874
723,195.039631386832,660.475,871422.644581308,54976.57421875,870034.111500986
724,123.045195704457,585.569,7755616.20719681,632956.5,7523485.18339511
725,194.038741841378,661.726,5444108.32148618,273360.25,5444070.46562412
726,175.024811788871,632.771,1663940.94849926,156874.796875,1535828.50170127
727,107.050171960844,680.657,178634.070544128,32891.45703125,141514.675220393
728,132.030243232712,618.901,3577683.21916145,497269.5625,3398321.66156171
729,665.214523421525,680.657,87575.5951435551,31061.328125,87276.8612204593
730,178.815385621603,626.482,2436173.89593506,149058.671875,2153583.63345463
731,209.030347262993,678.155,1577256.17876578,271395.4375,1577242.26284911
732,130.050943675454,625.189,2130467.67767754,263727.03125,1796757.75283965
733,78.9585247668081,685.702,491690.725292972,89796.6171875,490196.011531882
734,223.798374343904,604.897,20173473.8814882,671696.3125,15292880.5599457
735,193.035372304677,661.726,81634372.1361551,4047646,81577467.5978147
736,111.008769619998,691.999,669297.325437242,158988.96875,488433.799118696
737,166.975143346845,685.702,3157308.51349192,420718.34375,3155967.02649566
738,129.092155330337,263.766,60756917.9618333,3521245.25,58497173.8787488
739,131.02359796916,699.581,326006.965425781,70117.28125,325999.399425781
740,86.0323980853252,699.581,112623.763081542,17371.48828125,112614.946581542
741,112.012115220454,699.581,420916.828881922,61128.25,420486.347327084
742,168.066649850671,437.795,76617546.7799219,9714450,76082113.1832711
743,175.013234001193,699.581,1361802.76255965,227787.984375,1361790.15528693
744,130.022648910517,699.581,2546163.58649826,385507.71875,2546148.43788288
745,174.012493757958,699.581,7764789.96950803,1254043.875,7764135.19614931
746,211.070091450374,705.867,101172.943970311,28403.728515625,101167.910370311
747,98.9557159640688,705.867,190174.360338868,43929.78515625,189749.809836717
748,88.9876544696787,704.617,596048.366748849,52655.13671875,557890.996141411
749,158.934521395551,708.41,242427.052162778,32361.650390625,241377.709813423
750,189.088176725268,705.867,1789402.65466165,235785.65625,1788190.83698387
751,118.94202417682,707.16,908457.770988278,86224.625,899999.266910993
752,205.035407225776,686.996,2140051.84295703,150947.859375,1916220.72782903
753,133.930914487341,712.162,180630.824370118,27137.2421875,160698.972781326
754,300.904309602677,715.953,208504.267221843,45173.8046875,176912.641586111
755,195.051058140635,595.77,42132956.3591016,5089844.5,41946683.1778529
756,195.051082803421,561.647,7374263.78184026,330102.5,7074031.37766129
757,158.009507561553,702.078,1423214.56200363,86645.140625,1341175.45235538
758,202.007562817158,729.845,72715.5190308313,14818.2255859375,72709.0968879742
759,157.014345473022,731.283,352280.411107323,50250.83203125,306494.166156013
760,201.004213352994,729.845,1706788.65398242,258847.78125,1706775.72034606
761,256.236447505942,214.385,157658850.06231,19500302,157062684.228298
762,173.009103210674,699.581,120961246.082854,19300248,120936884.022021
763,173.009193997504,732.535,2649294.23328877,201994.25,2611579.59593593
764,158.99353619941,748.027,86054.6794997204,24581.6015625,86046.996071149
765,397.858726798471,748.027,172339.162794642,37956.9765625,163205.531330871
766,221.800628079897,213.142,1765333.71256138,181472.1875,1744563.02812036
767,221.800616928853,492.4,34725257.181567,338627.9375,34554161.8203227
768,221.80060967529,604.897,7547788.03569792,537006.1875,7520908.5917025
769,221.800588871292,304.074,1815990.18994687,110510.9921875,1793757.77035814
770,221.800564886503,678.155,1405443.53665745,100844.5546875,1385957.43770969
771,221.800631028643,143.665,1381338.88672852,90266.171875,1357680.4352931
772,221.800638187446,253.695,1454105.99636719,113497.328125,1433342.39123239
773,221.800612511344,350.779,2033041.70557691,129165.6875,2009403.14502549
774,221.80063770923,369.727,1880488.29668028,142788.609375,1860986.78057677
775,221.800636692375,383.624,1913596.75245963,145363.890625,1895589.69806752
776,221.800592057633,583.073,5329418.23599687,227130.96875,5300153.77635887
777,221.800572142978,635.269,3451654.19339285,177927.96875,3421142.06896125
778,221.800635401951,650.394,1470175.17048959,126557.5859375,1452132.32627159
779,154.062248657711,632.771,8115481.69485914,606340.4375,7859122.74455913
780,209.009212972852,765.716,134370.175544783,30006.91015625,134363.70768764
781,207.830102823982,143.665,13832886.8843631,221902.625,13706122.8344199
782,207.830140289017,302.825,5488010.57746354,293610.21875,5450379.62956085
783,207.830119203981,450.66,23952512.7218369,367876.84375,23833656.431032
784,207.830114841635,545.307,15542284.6406769,316370.3125,15434976.5816461
785,207.830127120509,80.4778,13521560.4254291,210951.5625,13388684.9101382
786,207.83018782875,257.479,3156307.82983334,231339.171875,3130639.09672663
787,207.83013299442,325.518,6045359.01828516,281551.84375,6003751.35823164
788,207.830166863668,407.596,5871433.73923437,351061.21875,5837798.0269825
789,207.830129823673,704.617,2329233.1952806,193470.328125,2303605.25745861
790,207.830129581862,732.535,2548244.51723897,138533.15625,2512047.10107893
791,131.993809639905,787.564,34517.0879384766,7457.3603515625,34511.9959384766
792,132.867889658752,213.142,5649941.53708223,380356.90625,5607360.3837199
793,132.867877465222,606.19,21801900.6747868,1726693.5,21762911.3090041
794,132.867879594412,487.399,64909237.2199322,693128.1875,64679503.4796265
795,132.867877750231,680.657,5282415.54049997,344116.84375,5252631.05662692
796,132.86788460998,142.412,9170002.42159449,176403.65625,9055230.87934503
797,132.867883366269,60.2611,1952308.70025771,124134.8515625,1916158.27947708
798,132.867870187199,296.533,2493632.43560156,201425.1875,2468222.22647454
799,132.867881614467,347.024,3446037.18525721,242275.703125,3416298.01614176
800,132.867863736789,37.5021,2292084.88339475,109317.515625,2245267.64626732
801,132.867891527029,320.468,4552298.37220806,221166.03125,4509779.22851402
802,132.867871793533,377.323,5622392.25354843,249995.25,5577782.68420962
803,132.867875584715,659.225,8280419.62981252,389355.9375,8238038.67909352
804,132.867858855476,719.748,5202450.12634376,250014.046875,5159968.1884507
805,132.867877753536,561.647,11008411.2008077,678706.75,10978780.7871105
806,132.867887524461,739.023,2785592.1938149,190364.46875,2754906.85256083
807,132.867876244668,580.539,15979363.0653312,692380.0625,15934640.3903574
808,132.867864464107,694.541,4985632.15497768,342772.0625,4953857.2619928
809,203.834460791111,167.724,9685625.07620508,542148.375,9556148.47700533
810,203.834437186572,451.909,18285985.1977941,912314.625,18147468.1864711
811,203.834443707313,301.532,50138133.2491599,677691.75,49613205.27027
812,203.83443546761,545.307,38368444.2713738,735162.0625,37956288.0072385
813,203.834450913832,65.2721,13366422.394725,475222.09375,13160698.7607339
814,203.834459980019,252.406,10227231.1123047,589732,10098305.1776384
815,203.834433379569,758.146,7589209.60752582,271321.75,7273690.12939669
816,203.834412022297,702.078,9472612.01992189,446566.8125,9313121.19043612
817,203.834433481645,421.438,17696516.8519931,821018.75,17552002.5242511
818,203.834441779239,652.933,8967347.48409168,503508.96875,8846021.90016198
819,203.834454546102,33.7047,7895243.94286875,381809.84375,7758061.18191736
820,203.834450122662,403.806,12916260.5380313,728218.6875,12794594.2602397
821,203.834435514172,476.019,17978509.2753971,911637.875,17841523.6848736
822,203.834462364614,494.938,15571996.2398,848498.875,15450657.7994981
823,203.834437100105,518.858,16925476.5254063,790618.875,16781286.6201802
824,205.832458950507,143.665,7781793.28784374,562830.25,7714706.08490349
825,205.832436807376,304.074,37497241.4964844,699565.0625,37234261.5397515
826,205.832431496282,455.701,68165805.4853089,932089.25,67798511.3272778
827,205.832432487676,545.307,61063008.4716638,859803.6875,60675652.312252
828,205.832475466862,62.7671,16408428.6757359,460568.09375,16248511.0082179
829,205.832432688535,489.899,14945176.2205048,920988.6875,14873045.0240573
830,205.832462323494,750.534,6391979.159808,256898.15625,6199549.91994762
831,205.832463941591,101.964,16696778.3323366,513537.28125,16541940.1617921
832,205.832457683078,271.31,8167069.69778124,617128.3125,8105310.13524153
833,205.832453844378,358.375,11265758.8643654,692572.75,11193429.7348829
834,205.832419183409,717.247,6495787.52875002,391061.09375,6418418.60229963
835,205.832474321979,36.2505,14934135.6207147,443493.3125,14767731.9265191
836,205.832448012831,172.738,10105536.8218711,565740.9375,10017777.0254188
837,205.832418583367,650.394,15622277.6258088,557619.5625,15488479.1418885
838,205.832457437982,232.146,14673666.6233654,488776.15625,14533801.4856404
839,205.832442746045,200.568,6441855.77509092,495627.8125,6379726.39481144
840,205.83245302398,258.727,7075042.96323127,595264,7018402.66587566
841,205.832430084945,474.769,14782621.2445312,906335.5625,14710551.6272501
842,205.832422902374,702.078,7290795.57894418,479303.96875,7213658.58423031
843,116.934503105738,36.2505,271033009.696354,2304933.5,263877051.719035
844,169.849640171854,627.731,2058561.81859581,153846.265625,1756022.42792811
845,125.900078004023,604.897,50644557.2264874,1375405.375,44792541.0932286
846,428.837802737805,801.501,162463.412625325,29033.275390625,148449.183863915
847,227.201842528288,218.195,27843981.7539561,3405885,27224038.2550578
848,216.830443061053,600.973,15775241.2006869,340413.6875,14642881.8864226
849,216.830433878892,540.271,12258046.3150605,357483.1875,11584527.1242551
850,216.83045882582,473.518,7011121.60955529,448622.09375,6725100.34857607
851,96.9598490487158,707.16,6155686.38692644,635673.125,5968602.14089099
852,98.9666464634525,606.19,2452367.39309473,278964.71875,2272946.17776892
853,138.910497968812,816.685,121066.755723248,13098.5947265625,117225.990642468
854,165.019314577255,597.057,220213648.408382,35435612,219929488.833318
855,133.014273398053,650.394,9519533.37224218,1120691.5,9162780.89700867
856,103.003538568495,644.102,76123194.187173,12465752,75848553.6684532
857,115.003673547919,554.122,9291121.97773534,1166980.125,8710704.65620208
858,115.003674178405,654.183,2357458.04472059,224675.078125,1741975.27490891
859,118.942171256834,849.635,39880.4600126954,9200.0166015625,39875.3992126954
860,238.891835395934,847.078,583451.657526857,80185.1953125,583437.759026857
861,318.85815079254,849.635,694057.737618162,80329.34375,694039.980018162
862,118.932728644269,810.366,796871.616913545,55496.4375,747226.902898031
863,199.061283280552,350.779,3241574.45739502,223441.578125,2468641.90713914
864,270.888802993439,821.748,4125426.74634797,72712.9765625,3865728.25683988
865,214.832885842667,55.1623,30805478.3848758,630996.5,28880323.1786932
866,214.832863240119,602.22,16804011.0774766,795862.625,15873791.6519193
867,214.832860828672,347.024,16684526.0633839,971846.625,16030320.7423544
868,214.832853404474,302.825,19520259.7219375,908885,18649226.1861029
869,214.83286738971,520.108,19608829.3819081,954329.5625,18824648.6768513
870,214.832867127418,449.41,32038660.388913,1127927.5,30978505.9675028
871,214.832873383428,540.271,15429430.0684,922708.8125,14732430.4575078
872,214.83287285023,501.208,17784144.858817,1045066.4375,17131125.1622012
873,141.055724541762,971.357,81097.0037767951,23570.396484375,72317.9513239447
874,283.264309480816,36.2505,49335159.3745734,392232.125,45919585.9859996
875,283.264291071112,213.142,368201519.082393,44609336,367689004.163689
876,283.264297850173,352.033,15837012.9244741,410470.375,14755709.1755357
877,145.098285559871,959.748,1325542.53077524,111633.4140625,1308680.92769959
878,174.077216381352,1009.68,151558.895889719,27777.255859375,131285.143985901
879,199.072708218292,1016.21,58282.1396451822,19388.4609375,57225.0192985679
880,273.883146068283,819.239,17101660.6203751,288342.5625,16680519.7936018
881,273.883149371932,908.633,1830889.41245605,91879.125,1727050.86069231
882,208.934696964391,606.19,5756738.14650879,702485,5622027.80504311
883,173.104390929467,1032.9,1894540.83764941,111566.984375,1892549.67694079
884,212.834884167695,33.7047,48954220.8868088,628572.6875,48603762.6918932
885,212.83489308047,213.142,17251222.0874201,798048.375,17171489.9826486
886,212.83487746977,451.909,149232334.394969,1050985.125,148658613.406235
887,212.834859961893,732.535,34949209.7791982,395260.40625,34410491.8725885
888,212.834880305709,358.375,36718014.5216563,931911.9375,36563097.7456957
889,212.834866272895,301.532,19435890.103125,865287.5,19348072.2924764
890,212.834879311874,168.978,14263060.450625,789328.625,14195967.7299406
891,212.834872220306,123.437,16508038.0209643,696819.8125,16415875.8442323
892,212.834872882618,253.695,13687925.832,791161.1875,13621123.1272933
893,212.834875298789,147.465,13184566.8550625,708745.9375,13117491.8182792
894,212.834875824207,195.468,18039339.3355756,799580.125,17955625.8420255
895,212.83487321654,273.85,17289310.7356875,781633.4375,17205799.676268
896,212.83486884412,583.073,13090164.5779412,653996.3125,13014458.2370883
897,118.926881861461,816.685,9224816.81167701,165958.796875,8589300.14874424
898,192.911414165074,811.621,21506669.7445626,375654.78125,20575519.9808633
899,265.092982019072,1096.87,35416.9436682126,6898.3330078125,34957.9938279121
900,194.868682535075,36.2505,288044635.212416,1763508.125,284763526.578811
901,194.868661211913,714.702,51836520.4455086,556859.3125,49762376.5584706
902,194.868671294409,275.097,36574995.5585855,1653036.75,36157656.2409462
903,194.868682731561,369.727,23786495.2042604,1573900.75,23513789.6387567
904,194.868679584329,321.721,40782368.1786131,1635820.5,40321539.0625779
905,194.868662986762,487.399,11396615.7484375,904739.8125,11166517.9681278
906,194.868702386455,219.441,42489872.68896,1602558.625,41942119.5173954
907,194.868672866583,541.522,13607237.855386,669284.3125,13231898.3894039
908,194.868679374041,302.825,29760638.2250084,1605100.125,29426913.7381466
909,194.868693142829,386.169,26219642.0850001,1479868.875,25906493.7107172
910,194.86868457765,261.227,19905981.005675,1504380.375,19676739.8270029
911,194.868663752446,421.438,29757873.8760139,1322335.5,29360554.6797406
912,194.868684925708,518.858,14848446.256875,742802.9375,14472720.8377145
913,194.868680845411,249.912,20825805.2732273,1529199.375,20574816.6253028
914,194.868681374346,353.327,36389874.161875,1609053.5,35972011.6222235
915,194.868679395541,401.266,23267593.5062884,1413660.5,22975303.8470789
916,233.086755568241,1102.37,49278.9008496099,7881.35107421875,47863.092211435
917,103.003559358239,904.627,383441.018348215,44407.22265625,179851.769080744
918,272.883277683605,821.748,89035511.2422094,1345539.375,86113436.0066367
919,172.06975466441,1121.31,24284.3187905271,4736.7861328125,24278.8547905271
920,239.093021836114,1121.31,27627.8767031245,6146.677734375,27622.5647031245
921,145.983592709972,31.1995,81225811.3692158,783768.875,80632468.7019466
922,145.98362183704,215.629,16395306.0487986,838525.3125,16275841.4350272
923,145.983593508806,266.309,12765694.9569107,738531.1875,12672088.6122583
924,145.98359531408,360.879,10431604.7138437,693399.8125,10350222.1197306
925,145.983588812083,181.596,19697390.6453267,732508.5,19553106.2300553
926,145.983568659083,603.649,3709619.56182812,180025.296875,3588820.17714525
927,145.983591733599,304.074,12296241.586317,735037.875,12202544.9188209
928,145.983589294912,463.43,8398118.32334616,596045.75,8309852.93328021
929,145.98360033304,384.875,16159786.8989062,658387.375,16028376.512494
930,145.983575389521,579.29,3747900.06394189,211192.09375,3640874.26845238
931,145.983593250411,333.118,9549833.17394318,669732.1875,9474849.17780209
932,145.983592185889,441.688,11571022.9034648,583736.625,11463633.5585297
933,145.983577674002,550.338,4633992.10340074,256514.609375,4521760.50081282
934,145.983588546669,139.906,11124321.7251562,735099.875,11042611.4303208
935,145.983589447395,478.564,6694939.82005468,475755.9375,6613439.03879578
936,264.100569661692,1111.92,742503.880792102,24648.65234375,705061.250830695
937,281.107805383839,1114.67,1059325.91918547,46154.65625,1039493.54595826
938,281.107892294413,1098.34,622090.673225448,41641.80859375,614062.73286743
939,183.91331046123,1068.59,3260668.98772136,87727.0078125,3189558.80467961
940,263.097246908791,1103.84,9397536.69694922,156441.40625,9303304.67117233
941,200.952999013349,1189.73,89881.9994764547,16759.26953125,77294.0068244092
942,467.828625302651,1254.71,39519.4076220701,7817.86083984375,38418.3658295547
943,157.014248531228,1257.27,34000.1709960937,6390.30029296875,33553.3320528848
944,92.0431387485163,1266.19,42421.3261855479,8807.7490234375,42416.0621855479
945,470.837813600171,1306.24,46500.9449882811,10927.5146484375,45396.8991329219
946,99.0061831506214,1307.5,91360.7577319326,19302.57421875,88159.2530068327
947,114.9340674013,817.982,17625539.3520068,284181.3125,17368362.4682994
948,401.874123060178,1311.27,151079.134680175,28556.6171875,149812.340586065
949,146.045915476566,606.19,3703921.40586328,443120.3125,3240155.10833744
950,484.849957061903,1312.53,174652.215003967,23687.5078125,170625.197897536
951,164.978068901146,1316.38,81760.5356890198,18717.3984375,80873.8814277151
952,190.943604393726,1315.08,107643.942689734,26241.38671875,104142.124589991
953,546.824376061308,1315.08,285706.859692383,34885.46875,278045.70008782
954,104.035194620127,659.225,4926578.57269237,491306.03125,4916430.03960556
955,104.035197986287,1025.24,10137971.5747447,88449.78125,10051415.7918255
956,104.035203327783,1167.89,1374719.44145974,61263.94921875,1359960.14921555
957,104.035211253451,768.455,1400629.46976782,72576.734375,1384881.24729621
958,104.035193871214,1308.75,497097.814706492,30254.318359375,483774.803325738
959,104.035204355702,630.231,2479463.96044922,134883.6875,2464547.785872
960,104.035205523452,709.66,1152615.61681668,93319.484375,1143651.19883693
961,104.035213004065,727.34,1044224.03614844,76256.5625,1035080.52260318
962,104.035214140346,748.027,1077642.90137476,70986.9609375,1067392.73705085
963,104.03520673248,1213.18,718974.441035165,51900.12109375,710289.912725761
964,146.979739604548,1315.08,449614.35569762,38549.828125,385848.430381311
965,348.893279038888,1316.38,102956.121508789,26864.783203125,101695.140015971
966,324.914143124884,1316.38,302457.707634125,22808.0078125,275861.907595302
967,250.939710191873,1318.88,231201.498263441,32334.619140625,229623.402192669
968,266.929119957563,1320.13,145122.937538088,25519.181640625,140148.143820533
969,718.759176732255,1320.13,422793.242023026,48421.5546875,413923.030603605
970,116.90001281703,1323.92,101035.439837741,18790.458984375,99152.503849986
971,118.05099573922,621.401,5759484.61996142,609014.8125,5579624.25295051
972,186.97229176501,1318.88,244679.641305882,25270.609375,237716.12729476
973,468.854638552788,1322.63,660026.338998044,47836.7734375,623485.93562656
974,612.797414124398,1322.63,939063.825902356,100304.734375,925802.642346147
975,612.797345649921,1311.27,696584.910742183,67402.0859375,681999.506735884
976,824.72414793624,1320.13,481498.199766033,61588.23828125,469789.808051754
977,94.037664686264,297.783,1976715.81859375,177193.140625,1316694.59655836
978,124.971811107305,1325.17,368809.271874999,53092.6796875,353325.811167929
979,152.966796318914,1325.17,148827.337498374,20602.81640625,145573.722293148
980,185.971341842867,1323.92,361340.995315683,31368.103515625,339833.862481268
981,106.939189278979,1329.14,76547.2923632791,20491.5703125,75307.6932656528
982,133.930883858678,1327.89,495356.153159766,53739.328125,462783.084662068
983,215.837078396018,1329.14,602739.776367181,129550.6171875,588539.051622483
984,258.942271224829,1323.92,908377.40125,66306.5390625,824713.087098214
985,312.914349744821,1321.38,886834.15625,65737.7421875,719736.019407894
986,151.965880284923,1327.89,533166.627696811,63029.99609375,513342.803457605
987,123.970863439816,1333.05,116280.171650388,33189.8828125,116275.059650388
988,129.019378933526,544.058,8547797.4166737,651628.6875,7950094.44038224
989,129.019358321975,699.581,48142911.2919917,7679750,47577564.6253853
990,129.019372754704,622.69,3231804.53361562,419991.5,2699539.38274651
991,129.019381039206,733.829,3728326.12839845,321652.84375,2819457.39168672
992,134.865163941043,1331.62,2146986.46280598,237248.953125,2057101.6679294
993,440.860102638222,1327.89,697580.299646929,67073.3046875,622942.53282734
994,71.0132270656288,554.122,1672828.87817773,138258.265625,1265056.34827013
995,85.993648081648,1323.92,743598.878135518,47781.171875,644663.721096775
996,91.9388920763947,1327.89,1185548.8528559,72338.7421875,1117740.30765052
997,124.905353951015,1330.38,395038.857854939,57681.015625,384968.652756625
998,125.035638715731,406.348,33266742.5995882,3724848.5,32426840.6235923
999,125.035633685327,528.942,2262772.53433502,187175.578125,1425178.41119786
1000,182.870061608063,1330.38,410931.961340941,47387.08984375,406832.91563948
1001,187.839625969829,1331.62,707610.458065257,82266.53125,697004.797548182
1002,189.83757334259,1333.05,663876.316463695,72070.171875,659452.065883263
1003,268.924323062937,1329.14,719373.480260415,50465.3125,626970.363752565
1004,367.882060372545,1327.89,2058766.47863476,155031.578125,1954005.16838519
1005,506.831953560824,1323.92,1359558.25849744,81949.21875,1295571.50891008
1006,103.039928365921,457.138,5636213.00510286,892627.75,5318646.06845972
1007,162.980564789174,1334.29,1891759.40579427,82321.03125,1667989.87702554
1008,171.847794994419,1330.38,657434.15960227,85150.90625,640752.534263146
1009,222.863620799624,1333.05,1160769.55575859,83137.0078125,1140986.98557561
1010,347.885920100485,1333.05,1132931.66656249,105732.4453125,1088127.68230318
1011,347.886005207457,1306.24,889848.440614925,80963.2109375,825364.493995897
1012,118.966248405858,675.609,4678578.5305627,105943.671875,4458837.97379912
1013,118.96625725497,796.44,3935167.60189816,140940.640625,3822622.15499186
1014,118.966241034712,819.239,2310658.32774024,143636.40625,2247184.32694431
1015,118.966239256399,1321.38,3639376.52784802,211094.796875,3556190.18800995
1016,176.817404462733,1334.29,638832.085078124,73365.09375,616713.842995729
1017,189.942831497754,1330.38,1060668.08507136,65009.14453125,988512.740502286
1018,168.961669859508,1333.05,1153854.30834179,67015.515625,1050460.27370739
1019,218.949937992352,1321.38,3418386.2515623,136150.765625,3079589.43030717
1020,298.760910045992,1336.82,1069136.18264464,124478.078125,1057363.38298818
1021,73.0289106530944,439.04,7179254.62342085,1175578.375,6505350.5428646
1022,73.0288971119147,617.652,7414695.43969629,1116645.75,6702725.78276038
1023,180.813206226721,1338.24,254497.870520836,67135.140625,254491.478854169
1024,434.854708573794,1339.48,147725.007707033,35236.9296875,147719.863707033
1025,114.901721214931,1329.14,1395269.06328994,100885.3828125,1389715.51962163
1026,156.943106719507,1315.08,13938002.6037777,340452.9375,13667457.9656703
1027,224.861774061035,1335.53,1171575.29266226,70984.2890625,1166359.45443368
1028,376.730049237223,1339.48,352955.735913086,78697.3671875,349972.15169491
1029,404.741148447379,1340.72,465947.19552083,116907.75,458280.357080447
1030,89.9407026454087,1327.89,2452750.97449888,108307.953125,2252275.21467444
1031,122.024792939091,407.596,12356514.1544495,1893165.75,11957741.6965705
1032,136.86309237073,1336.82,1946650.83122803,130179.6015625,1927541.6028499
1033,234.944755108591,1340.72,376988.701796872,52445.59765625,345855.959788241
1034,387.69351731982,1340.72,364782.61771218,81205.4140625,362137.196804464
1035,167.960844546185,1333.05,922090.273160511,103849.9609375,870442.713214734
1036,167.960813674164,1320.13,976686.223189606,82384.765625,917870.653544086
1037,227.793706022557,1343.38,278089.438773432,108992.9296875,277067.997028267
1038,315.808173084689,1340.72,1369425.29915864,146710.859375,1353226.0770167
1039,160.964906179822,1340.72,789617.702367788,109807.453125,747771.911916022
1040,180.872006733259,1329.14,2051716.25230713,169960.09375,2044466.51912409
1041,180.872039475749,1340.72,1347606.87348633,152435.21875,1343294.36141311
1042,228.871284154573,1341.96,403092.204658207,110340.765625,401648.505439564
1043,444.198791815415,1343.38,1729236.78930841,153457.65625,1705501.4324605
1044,90.9710220193568,676.904,8145481.0855625,443729.59375,8082814.65290799
1045,90.9710287335297,804.008,5995915.7581406,459264.75,5952815.51899262
1046,90.971024499731,994.365,8502564.58656698,500235.375,8443298.81539544
1047,90.9710212934326,1273.94,102717851.361098,587610.3125,101992082.270742
1048,90.9710244035771,1056.56,8955223.07329164,512982.09375,8889620.75484172
1049,90.9710209742068,917.49,7106429.65226562,478820.8125,7055326.26953202
1050,90.9710273275282,945.618,12900506.3502699,495029.5,12808799.365333
1051,90.9710272003206,547.84,5450779.93214631,230022.71875,5361025.88523102
1052,90.9710253710115,840.756,10194540.8424166,476906.75,10119939.7195628
1053,90.9710241612882,1078.13,7694973.12117792,449792.5,7636793.58310334
1054,90.9710209698017,966.132,8402631.96635044,477509.4375,8343090.24662021
1055,90.9710260519957,1096.87,7516519.62774042,443680.875,7457504.65689624
1056,171.847805731706,1344.62,391970.712656248,83297.5546875,382664.943856734
1057,178.873775666935,1335.53,3853895.51634887,188942.578125,3853859.48634887
1058,200.957440207972,1335.53,2060019.77615234,121545.7265625,1918422.47668168
1059,238.127772961917,1345.86,298858.476888021,86288.953125,286413.523243857
1060,275.092657663871,1344.62,368643.96711914,76865.4140625,344667.701611704
1061,313.810740383298,1339.48,1581645.06879933,139619.171875,1546372.2605859
1062,381.699505614945,1340.72,954512.062196607,96562.3515625,951920.527082913
1063,101.980699014309,1334.29,3996789.40444823,173339.421875,3712796.40970947
1064,117.019342060345,617.652,39463987.3567837,6139737.5,39145555.4412904
1065,207.830066766984,1331.62,6376148.45275153,335062.9375,6372702.54962015
1066,256.926876726671,1325.17,10830637.6528312,334393.5,9675086.13246461
1067,258.78223028031,1344.62,1027490.0990625,143057.96875,1027478.5390625
1068,287.797819113344,1341.96,4557590.0772363,286658.53125,4549678.27918755
1069,385.695767280739,1339.48,1695904.26102021,188162.671875,1694459.2719924
1070,396.693797539673,1344.62,478996.496337002,79330.546875,476577.601740593
1071,96.9880263804291,1329.14,5687604.29357519,179223.3125,5195905.73476847
1072,98.9666407807025,1347.14,1425867.87597046,152707.5625,1079049.65643411
1073,118.951555977474,1347.14,579261.625608525,88031.109375,537374.890666552
1074,124.983191658033,1326.46,10502716.9251036,303683.6875,9631015.81424424
1075,128.980582864375,1325.17,12402291.1027208,342503.59375,11290497.6808055
1076,134.985609329347,1338.24,4537801.69690733,196071.984375,4239766.16769309
1077,140.91938198653,1347.14,362844.988993054,59995.26953125,354618.014536284
1078,146.966002550214,1347.14,4926175.04840275,813051.8125,4897442.06317491
1079,146.965992630766,1334.29,2852676.79940754,326052.65625,2810778.67187086
1080,152.978157789781,1323.92,16821426.7840209,547477.3125,16209828.063489
1081,167.851566223949,1335.53,3218033.66272499,175324.390625,3199917.42705423
1082,172.992570774425,1347.14,645427.923975367,95873.65625,619282.621822993
1083,178.815273920976,1339.48,1989844.8221765,129641.8203125,1986423.06001632
1084,188.071700561802,1347.14,374900.935246875,57207.78515625,325614.368172322
1085,198.865092980317,1336.82,9567220.72565195,444151.84375,9247026.51394559
1086,204.866154924137,1348.56,235079.725593753,56731.3671875,230611.339420755
1087,213.838227417464,1340.72,1882436.49201562,120767.015625,1881394.02490645
1088,260.780487352748,1347.14,440570.028963069,79282.9765625,437108.530618801
1089,292.767327710326,1338.24,6235386.16744493,361831.375,6235357.75744493
1090,294.765141550451,1339.48,10862978.4968554,652221.1875,10862950.0868554
1091,296.763118861253,1338.24,6540947.06966306,446729.59375,6537045.84873082
1092,307.761395933775,1341.96,3191032.02181331,205629.609375,3191008.73549752
1093,312.731218961808,1340.72,2385265.60448807,178596.46875,2385242.31817228
1094,314.729131973928,1345.86,797757.053203127,127641.0859375,794235.690951039
1095,354.878305605034,1347.14,371108.780443893,57563.6796875,355761.463996122
1096,381.734219369396,1347.14,986781.427670456,166900.90625,971352.112553681
1097,383.698017884488,1340.72,2233467.2287036,174458.75,2233447.8599536
1098,114.056033409185,583.073,2685152.88647813,228276.0625,2258060.81500025
1099,115.076429812601,283.899,133018710.240699,7554696.5,127995310.149267
1100,120.972315303963,1344.62,4560560.72039474,338104.65625,4148145.57843953
1101,194.952351578078,1344.62,3258785.79142187,260870.125,3090984.17557752
1102,203.834430295296,1335.53,16074401.9884765,769084.0625,16074367.3384765
1103,205.832436873059,1336.82,17211239.0921574,856536.1875,17211205.6921574
1104,221.800602754218,1334.29,4370542.02645366,374458.71875,4362572.4617693
1105,221.800603410891,1345.86,2888999.90335229,356875.5625,2883706.88526754
1106,223.798375165591,1338.24,9597260.61586535,525677.3125,9597227.21586535
1107,224.877932172329,1341.96,4866903.31630008,390867.71875,4764340.7284789
1108,225.79594818965,1333.05,2979137.4588588,298555.9375,2977678.02231269
1109,225.795936471163,1344.62,2246128.76499999,247928.734375,2245165.48312499
1110,254.91921107346,1347.14,3374395.42102181,357208.125,3007288.59982393
1111,283.801327941338,1341.96,8215561.82281331,547777.6875,8133896.17209216
1112,305.763565993449,1345.86,12108931.7531361,794888.5625,12108904.6431361
1113,385.730803441365,1347.14,1789927.20961628,236598.671875,1663396.89057009
1114,392.698457400103,1345.86,3019583.83506373,263839.875,3015090.75711177
1115,394.696232555668,1347.14,2320041.44764323,258950,2236428.71919596
1116,412.966473091294,1348.56,976582.675674713,192637.75,965240.027508875
1117,74.0241710079838,1349.8,576644.381004464,105281.421875,453783.881133242
1118,115.0400565701,420.187,4256217.67445937,522823.90625,2656526.39181664
1119,126.017230754033,261.227,7025638.84793933,540055.625,3978178.24046617
1120,128.035341951377,487.399,10850710.6934196,1143832.875,9368913.00206692
1121,132.867854906778,1331.62,5729116.49074216,415772.40625,5702342.20234973
1122,132.867874671447,1344.62,3872506.64863639,380514.875,3854138.24148344
1123,137.024428459052,1349.8,1025253.35864784,195463.421875,944283.26712123
1124,168.973077229396,1326.46,20281689.0733887,745105.5,16411446.01526
1125,169.849639454828,1333.05,3638243.84972885,273035.03125,3625599.16809752
1126,169.84967918913,1345.86,1592211.37472223,183934.140625,1585821.77838509
1127,190.955091961471,1326.46,25191732.3226562,976943.6875,23017683.3207324
1128,285.799562359665,1339.48,10884698.0515211,689165.4375,10477446.1208701
1129,314.930551734417,1351.04,301673.546484375,67598.8203125,301668.346484375
1130,101.060632894402,336.919,47330222.7105956,3863402.25,45425752.4792356
1131,101.06063753133,316.715,14381773.4505435,1126218.75,12800254.9016622
1132,129.055773075881,377.323,11071049.969458,1143217.625,9026833.48763369
1133,137.035644833333,1345.86,5989760.62707588,281078,1793422.82904685
1134,218.828231854909,1341.96,5891019.84015119,266895.9375,5877298.35358349
1135,234.932654059729,1358.73,5996565.05101512,390802.4375,4838905.85682821
1136,350.86095537496,1354.88,1396600.20273438,139887.15625,1305158.71464375
1137,78.9183655769991,1349.8,1489706.78828125,208389.484375,1443247.99976855
1138,80.9163476794853,1349.8,1903575.72976793,212015.53125,1839981.69840742
1139,85.0290784836813,394.963,12840960.1645508,1513597.25,10802245.6228871
1140,85.0290514140003,699.581,5374673.32693726,792519.3125,3558837.0264353
1141,101.024237794879,293.99,5992941.14675367,646372.625,5034713.86690441
1142,101.02424225609,364.674,4588422.24790834,539871.5625,3734751.02076699
1143,125.900129264182,1331.62,24362512.572794,1488785.125,22616623.5670045
1144,125.900200176533,1347.14,14728915.8260417,1262692.75,13563213.3783422
1145,130.957274831691,1353.64,531335.832054694,123277.234375,524357.795458428
1146,150.970638664709,1349.8,2359708.32252604,343768.46875,2240435.17213542
1147,211.931308820833,1353.64,619254.652673615,122529.59375,616556.404733555
1148,254.882024860472,1351.04,1149958.7109375,333418.96875,1147702.0681746
1149,110.024743569996,405.055,1620496.42880859,98634.2578125,1620474.99287109
1150,110.02475715492,806.56,1210533.51169001,71702.1875,1210505.6261662
1151,110.024736932932,946.922,881618.717977122,62356.421875,881599.37654855
1152,110.024756425982,258.727,1987478.5023355,108919.875,1987454.60244661
1153,110.024743046426,599.727,2143079.65113349,62951.1171875,2143025.25510968
1154,110.024760546592,717.247,666250.538471679,59763.64453125,666234.142221679
1155,110.024742179352,1084.72,1315206.52139915,52178.14453125,1315175.45049006
1156,110.024742260377,504.987,994757.646495487,57843.33984375,994736.261557987
1157,110.024738375011,1264.88,2575635.58850992,66130.0546875,2575581.52119285
1158,110.02475612457,348.276,3046989.10892369,109304.125,3046952.49124512
1159,110.024742150143,864.992,649086.73405625,63215.0703125,649072.65075625
1160,110.024737295649,671.815,950709.906628419,55327.0859375,950685.919128419
1161,110.024742453457,1344.62,1727554.1073047,138107.46875,1727533.4673047
1162,110.024745609517,1048.57,818750.805177171,54536.015625,818731.123034314
1163,110.024763763018,295.24,1500506.66700893,113591.5234375,1500487.72629464
1164,110.024749973452,431.527,1660661.86868631,77651.8515625,1660631.37303414
1165,110.024757881751,464.68,1089656.98828906,74084.671875,1089632.90156684
1166,110.024732182584,751.789,1225594.23917871,55286.47265625,1225562.27667871
1167,110.024744505765,1126.81,691091.311276043,53676.95703125,691074.010442709
1168,110.024750956283,487.399,916844.118645051,62955.7265625,916823.938378385
1169,110.024749788485,539.022,406994.391469585,46840.6953125,406984.30118387
1170,110.024736391304,654.183,713524.88668711,64885.1484375,713504.754420444
1171,110.024725122962,691.999,564276.119400745,51864.46484375,564260.976491654
1172,110.024759724284,898.335,944947.092871324,60090.19921875,944924.059224266
1173,110.024744248786,923.833,877291.340352084,53648.99609375,877270.992618751
1174,110.024758903475,1004.55,1611640.12473525,60442.73828125,1611601.77956284
1175,110.024760344042,1063.3,655726.928576,51194.6953125,655710.97948509
1176,110.024741928708,1175.54,893586.938723141,50807.40234375,893565.072473141
1177,110.024738083733,1200.07,940724.709266352,55656.09375,940702.534891353
1178,110.024767576538,221.932,1182699.46238281,126956.8203125,1182684.1732919
1179,110.024763751648,233.576,1131276.6048375,95912.9765625,1131262.6359375
1180,110.0247326165,317.966,1326373.73175481,92139.90625,1326356.02283173
1181,110.024751921506,389.917,1280338.83623307,118089.84375,1280322.39339974
1182,110.024751161051,522.61,663880.04992171,57674.3984375,663863.662338377
1183,110.02471558021,703.368,467163.318895832,58060.19140625,467150.732229166
1184,110.024746230964,959.748,565146.260397573,53401.234375,565133.518175351
1185,110.024763289,1030.33,666862.265291344,50073.91015625,666845.289458011
1186,110.024750063155,1111.92,673776.966808275,46173.84765625,673759.275974941
1187,110.024723097865,1159.86,557049.889225267,59459.9921875,557036.7225586
1188,110.024727622631,1312.53,788807.656214196,74835.5390625,788791.200380862
1189,110.024751620548,1327.89,1100569.4720052,78290.7109375,1100552.78867187
1190,314.886195323789,1349.8,2094995.30625,295746.78125,1886243.18160051
1191,91.039746243623,520.108,6847901.04497462,588088.375,4849347.40446623
1192,196.903482881281,1352.28,1562477.5421317,217904.609375,1336265.85058594
1193,303.765597085428,1345.86,20898854.6089297,1225720,20795214.0202799
1194,117.928708594658,814.129,37113498.2038724,616169.3125,35951932.0234054
1195,157.123401397777,238.609,62318527.1514141,5383826,60436878.645744
1196,157.123387887053,1349.8,3204569.44601563,253509.328125,1502701.76258722
1197,206.870637792819,1352.28,2500492.95748047,246535.1875,2274225.27248617
1198,214.832824562826,1341.96,108214891.638387,5018481,105963888.394984
1199,254.220786054346,1356.16,3115265.3994564,405809.8125,3061270.69496721
1200,266.151251806801,1356.16,2454961.69084402,348492.375,2257646.82117586
1201,364.889143641725,1354.88,1964984.93713069,432657.46875,1947654.4714172
1202,122.975516984161,1356.16,1549655.58053907,298715.4375,1499494.43346094
1203,301.767594384858,1345.86,12561635.1946289,800040.625,12541682.7264042
1204,313.931128507717,1352.28,6345114.04765627,872380.0625,6223492.79353668
1205,430.835347265812,1357.4,1977465.74951923,345064.53125,1966770.96093987
1206,448.84583197775,1357.4,827043.419296876,248353.671875,823553.201495214
1207,75.0082011446044,381.078,28613482.8823158,1958478.875,23082793.6888784
1208,196.936759490233,1358.73,1795563.86327734,263557.71875,1746422.14604263
1209,213.186130925284,1356.16,2452594.84043818,228665.171875,2285116.75925297
1210,171.139146584975,233.576,35935769.1917756,2424474,34042078.5762282
1211,171.139140201831,1351.04,4048267.19401042,348964.625,2543119.49557292
1212,235.953673995217,1352.28,14883043.3382161,1667590.875,14644177.1802284
1213,288.909006163396,1356.16,5934324.19868342,619897.1875,5831103.73128746
1214,321.210386900405,1361.38,481240.24885156,89398.6015625,467400.75256424
1215,209.934319421654,1354.88,3448005.27238881,521603,3378527.99408461
1216,393.86272469403,1361.38,670734.89060268,128774.546875,665884.76497167
1217,408.898870949597,1362.73,7876820.31366479,571342.8125,7494633.7655883
1218,142.982942545564,1361.38,3251691.13987265,249025.96875,3068371.51675297
1219,195.939528435036,1359.97,4086093.95959694,312330.28125,3921922.45102538
1220,216.830454874424,1340.72,41496764.9745967,1894656.25,40963786.2415667
1221,312.172145560086,1359.97,1402102.35833332,220029.984375,1330357.68391203
1222,312.898969356607,1357.4,8306804.57419925,695260.4375,8160411.2540433
1223,385.730805845973,1362.73,1118937.23562499,263642.625,1068969.73415078
1224,136.948547987861,1365.21,645109.304748885,98039.78125,612807.0351898
1225,136.970007968678,1361.38,2635908.70090789,256410.921875,2490305.77294867
1226,162.956127548756,1365.21,1278423.26590198,258752.140625,1274502.83449581
1227,176.936045013425,1365.21,3212808.01817746,241078.328125,2404268.60195399
1228,228.205034864868,1363.97,7193876.92676004,332700.375,7109009.89923873
1229,232.937047339169,1362.73,2598489.63359374,283974.09375,2541781.47158962
1230,383.732591003554,1363.97,3090068.97924383,369528.4375,2903858.02593609
1231,439.113182671418,1366.63,968472.473945312,125176.9765625,949257.394190446
1232,150.962473702565,1326.46,47268289.0249583,1670401.75,38273653.0680168
1233,220.960401106023,1365.21,1747696.91426094,250468.515625,1646523.78819171
1234,225.186197790191,1363.97,3063937.20155362,239629.453125,2814217.53615819
1235,293.891053412156,1365.21,7014609.10151367,414310.90625,6782084.571798
1236,136.936588499274,1369.24,693514.21953125,185233.546875,682278.252715436
1237,155.997098600915,1366.63,2130089.15520833,289431.78125,1975596.44793486
1238,372.914429487604,1366.63,748485.730839838,242480.46875,735957.195493247
1239,379.252451749488,1368,1002156.85825521,119296.59375,987538.631980747
1240,219.963030032753,1356.16,4870903.89787211,374264.71875,4646232.49795277
1241,294.888392005147,1358.73,4031587.71300781,450035.78125,3974167.93478587
1242,126.90505416435,1362.73,7886046.76999081,371804.34375,7482996.53844317
1243,155.00193707115,1363.97,2035829.80292763,208964.984375,1892705.83332602
1244,191.019860475987,1370.47,2846408.91971353,268563.4375,2523978.11157524
1245,427.208715184491,1371.71,1049850.51144531,184478.09375,990735.428519235
1246,371.868352903687,1358.73,6463879.82588958,388541.46875,6451386.19000921
1247,122.975539568438,1370.47,1410341.48081676,205273.171875,1330419.09945568
1248,141.98563777337,1361.38,5490137.03219929,320440.09375,5245677.81819823
1249,175.954318631271,1356.16,1643189.22288738,266080.90625,1567317.22723549
1250,175.954337710462,1370.47,1596406.35925481,221507.875,1513001.32315209
1251,200.952960012895,1357.4,4410279.09981891,321423.09375,4244160.00992916
1252,205.035345264678,1374.35,1030465.57728515,79738.6015625,966677.242561469
1253,239.201787560735,1374.35,2086403.17355468,258737.171875,1926708.42168989
1254,280.236097750253,1377,311845.706250007,55807.5859375,304572.747367615
1255,370.868869956476,1358.73,27156487.3246095,1420973.625,26844107.0218366
1256,206.864215781889,1379.67,185484.363187505,39143.984375,185479.107187505
1257,240.945550262063,1354.88,6209840.26931529,592092.875,6109368.94270501
1258,312.172270727711,1375.58,1052114.68885817,160392.375,971110.885194478
1259,174.946928661122,1361.38,6145512.20950521,353221.5,6102368.11187174
1260,248.080094359641,1357.4,12413792.2711678,1124677.875,12205887.0171501
1261,135.9726900488,1357.4,4316494.66342771,432996.90625,4245205.98096722
1262,254.906783485762,1357.4,5413836.44700001,452636.34375,5388103.40344025
1263,206.870631616119,1383.57,1143755.80521764,180251.921875,1057246.91708497
1264,292.801841193345,1348.56,16981828.7243867,1389354,16559903.581742
1265,292.801846746295,1362.73,13682612.729427,1135993.875,13420036.3271907
1266,292.801863283521,1380.91,7036519.15549106,639438.0625,6771940.56295749
1267,163.040144522395,1387.32,674252.547675776,86351.703125,621508.626035991
1268,205.159767814283,1389.99,241722.015000003,78948.1953125,233019.676543627
1269,493.372127789176,1386.08,1282025.97837891,149818.265625,1182890.62665528
1270,123.94641520571,1392.48,194486.168017577,37878.0390625,184433.162032
1271,197.081861748288,1392.48,124433.830937501,30258.859375,120301.302399134
1272,296.798109715338,1348.56,10659266.6232422,846810.375,10472955.2196787
1273,296.798126797937,1380.91,4266842.50783333,321629.40625,4129798.75474586
1274,296.798160657929,1363.97,6269270.88247157,641741.0625,6166521.57546631
1275,95.9845428466797,1358.73,8187797.22738933,449477.21875,7739182.46946668
1276,210.931711426729,1354.88,13982976.8697633,1471386.375,13886578.6170456
1277,278.93013819792,1356.16,7962247.76757504,518294.375,7739860.73241428
1278,278.93024122176,1387.32,1787519.18435025,174738.09375,1654851.6960735
1279,375.181322960921,1392.48,589422.086491477,97501.671875,547997.974059511
1280,157.989138276191,1361.38,8225384.30422413,403264.8125,7955670.36974334
1281,286.9120451646,1354.88,13393895.8953517,1757080,13367873.6281137
1282,297.153109206012,1369.24,8925242.44285745,335252.59375,8585985.2725228
1283,311.901748599982,1359.97,17678946.9331007,956692.5,17618226.74485
1284,397.226518156388,1366.63,5908877.47007938,302562.0625,5311273.49682386
1285,407.90205336588,1361.38,15789098.714964,829138.625,15769006.9309853
1286,301.238627821524,1357.4,4381485.06825001,493493.875,4338618.40407448
1287,301.238616506939,1383.57,4923836.61126501,255993.21875,4854356.06617726
1288,329.186947999325,1400.35,136173.000732422,26749.3203125,134749.086129696
1289,155.947043457837,1366.63,14843198.0216305,540235.1875,13578134.7393862
1290,288.057912035995,1362.73,10069328.2006606,577108,9951831.42796426
1291,329.92486336458,1365.21,10364633.6520233,426086.8125,10037281.5109098
1292,337.205688476562,1358.73,3101278.56468751,265079.0625,2999123.58978948
1293,337.205662612722,1384.81,2506383.38717914,240935.109375,2396895.43399514
1294,155.071411013043,1402.85,135182.004375004,59617.35546875,135176.980375004
1295,156.94416343663,1357.4,6116732.69049479,443263.1875,6013278.01287944
1296,156.944152196833,1388.75,2164127.79634191,186787.859375,2073803.71415691
1297,144.030329637544,1404.09,117583.547280274,21700.146484375,113792.226549918
1298,200.965420050433,1358.73,9819242.46559027,338511.5625,9112084.54650683
1299,162.968099168015,1354.88,12186320.6670703,760462.625,12039299.0212021
1300,162.968106707335,1387.32,3161171.3807007,234680.15625,3060179.47686741
1301,292.891649410748,1357.4,39180342.201797,2223064,38876138.2840502
1302,292.891619085104,1387.32,9096995.0094167,651394.125,8894531.05319938
1303,136.948443331909,1411.8,151944.365625,55666.1015625,144061.049806818
1304,130.931214905305,1382.15,1070403.40069712,140698.203125,998577.561716692
1305,269.102992193297,1416.84,171774.586511723,48306.34375,158593.756265075
1306,293.179442782948,1365.21,20130498.7993868,581708.125,19507825.2301622
1307,353.200496021473,1365.21,13211237.4036398,555623.75,13014187.1493862
1308,392.863318864047,1366.63,22267095.7794307,772352.5,22155979.0028563
1309,257.089185173899,1421.89,93427.080078125,21110.111328125,90202.1401742788
1310,267.232962613902,1359.97,5118456.10508344,323631.78125,5002324.08267245
1311,267.232999080143,1383.57,5112192.210271,277143.5625,4985616.43307061
1312,116.962546640268,1358.73,11012102.0202681,548091.375,10973323.1412432
1313,116.962562770564,1424.38,484632.823489585,59848.17578125,466454.431264281
1314,169.01430479601,773.476,55285220.064353,835510.375,53639207.623114
1315,169.014296928158,1351.04,21822421.9454434,1040836.4375,20975585.7844169
1316,169.014315466557,1420.63,2924076.69476208,171516,2402091.71646536
1317,169.014327136506,1383.57,6073521.03971158,647316.6875,5733417.67585417
1318,154.959857533582,1365.21,18169651.5085412,490550.40625,17253472.8088423
1319,122.988007478796,1371.71,34259390.6382543,634933.9375,33753713.732639
1320,138.970467102308,1359.97,4110287.57398435,398428.625,4000921.96655154
1321,138.970485878407,1387.32,2534196.46352693,192134.609375,2433562.48866472
1322,138.970471804383,1426.93,1243810.38230847,67479,1097207.85827414
1323,406.902488309354,1365.21,95694609.721613,3571143,95624298.307007
1324,200.945075691158,1354.88,8803263.1233928,526673.8125,8782333.94526914
1325,200.945103315444,1424.38,4292240.79871418,200141.109375,4248051.8504156
1326,406.868547393024,1434.49,494861.328667275,44176.96484375,472178.82872415
1327,208.934687075202,1354.88,35815754.1772854,3832960.75,35713607.6983191
1328,208.934704596688,1387.32,6012429.06696429,510369.125,5922381.11410834
1329,328.925258996919,1366.63,81653350.2187172,2718993.75,81565832.7769347
1330,117.931547368306,1380.91,4310522.39629049,235581.796875,4240980.06006041
1331,310.877829181408,1439.6,60913.1287324208,12823.267578125,60908.0327324208
1332,612.796277173322,1439.6,124469.093328123,35258.34765625,124463.997328123
1333,76.9694956591435,1357.4,322444522.321802,14774876,306455815.138768
1334,77.9690852711612,1362.73,20154469.0382374,808976.5,19214197.5772318
1335,78.9663641306664,1357.4,11561466.9325738,654135.5625,11187252.4450016
1336,78.9663632688803,1388.75,2924994.35874439,258800.546875,2724346.63834349
1337,87.044769017102,387.418,17663895.0638098,1835645.375,15096456.4552485
1338,91.0033431125538,1327.89,22956359.7187499,1172709,20935329.2769628
1339,91.003372436488,1391.23,23570140.4175235,712791.3125,19201222.1501082
1340,91.0033410798423,1299.71,24700221.5056945,1180019.875,22670434.4328771
1341,91.0033750879468,1354.88,17591008.7456579,940036.9375,15436731.9726368
1342,93.034288629074,297.783,28731641.7029559,2306136.25,15224330.6688704
1343,94.0376602083119,1404.09,4250969.84279587,124116.5625,4250903.27367306
1344,94.9803248911359,1357.4,5497299557.05203,241908960,5230087397.54756
1345,94.9927015730842,1379.67,52418486.1136361,2256503.5,51944600.973081
1346,94.9927333974875,1344.62,29053573.6844687,1431340.125,28625156.2519737
1347,94.9926932215293,1419.38,25806728.8120959,1209901.75,25205035.031673
1348,94.9926650992481,1366.63,26271807.7713541,2022457.625,26005191.0265573
1349,95.9799067855791,1357.4,308430159.413802,13625007,293470213.139356
1350,96.9695524394733,606.19,7583099.04372704,823408.875,6896189.522931
1351,96.9694204835714,1366.63,43930511.1587572,935548.4375,40612756.5394996
1352,96.9771992645297,1357.4,224775783.952001,10007704,213893215.737576
1353,96.9845923125099,690.747,3724462.16645,221233.796875,3548449.74359442
1354,96.9845914750426,1356.16,51814208.8776024,2289066.25,51508056.7759287
1355,96.9845955098385,1424.38,7448643.5059659,366138.03125,7195217.24896303
1356,96.9845958466615,709.66,3470526.84501041,210324.9375,3294588.83028116
1357,96.9845879148211,1388.75,16057478.0672499,966925.75,15876759.3304033
1358,98.0245182723892,650.394,2463963.26333281,179606.546875,1560999.18070651
1359,98.0244860708083,1362.73,6126657.92203127,337127.9375,4890509.91057131
1360,114.936276450046,1365.21,2326467138.535,64557412,2203400806.085
1361,115.9333540706,1365.21,10393711.1798958,538336.0625,10393670.9315625
1362,115.933368549589,1411.8,2406759.69465995,152149.625,2406736.88760112
1363,115.933377441299,1434.49,1435970.86746092,108005.25,1435951.89246092
1364,115.939655835514,1362.73,30316533.1507032,1437433.75,30314860.9450845
1365,115.939639802622,1409.31,8789578.39375002,524319.5625,8788265.18410481
1366,115.939639071348,1431.99,4551794.49119787,269462.625,4550751.36138537
1367,116.92866182691,1349.8,29729521.6783751,1940130.375,29729497.0638751
1368,116.928647881154,1395.15,3831596.74500003,1547320.375,3831594.26500003
1369,116.928616312845,1429.48,30371726.9097039,1380498.75,30371701.5939144
1370,116.928716960865,1373.11,22684897.1113394,1469008.875,22684877.6327679
1371,116.928687780863,1388.75,20555550.6,1789226,20555536.3
1372,116.934495484343,1363.97,1057772330.73375,28014778,1056882267.69003
1373,116.934486338611,1433.24,96105253.7526657,5109173,95821245.7786012
1374,117.937866023503,1362.73,13600072.6752163,653860.25,13596301.5791886
1375,117.937843355885,1410.55,3478795.96052954,214368.6875,3476198.70737884
1376,117.937849044244,1439.6,1797626.57424105,122174.484375,1795574.69676019
1377,121.029515827888,354.578,24904742.959375,5931663.5,21787205.0503013
1378,121.029503236785,597.057,38484654.725918,5799498,35111828.6045456
1379,121.029512030463,459.638,6005486.28236523,631610.875,2793141.82652253
1380,133.065912617842,1384.81,12654511.8046212,412734.875,12387779.0665607
1381,133.065915554558,1421.89,4131000.10174754,247110.09375,3977827.27604995
1382,133.065927313259,1352.28,4354396.5564145,350332.65625,4197322.46041731
1383,134.973171420775,1356.16,121922635.67275,6265050.5,121760810.167586
1384,134.973178440834,1425.64,9847765.22272726,481038.625,9708100.49508059
1385,135.945092979696,1365.21,98973641.4234926,3637090.5,98959795.9397515
1386,135.945098656566,1411.8,13348271.9405861,1438512.625,13343841.1457042
1387,136.991391682335,1352.28,6181147.82922894,418241.78125,5698220.30180027
1388,136.991415198213,1387.32,3821652.03468748,258545.484375,3394509.73855223
1389,137.94057111334,1365.21,19847594.1922697,1395579.75,19845562.1723446
1390,137.940566140966,1411.8,5019439.79286984,572207,5017843.01494139
1391,137.940581724591,1383.57,10158262.004948,1124655.75,10156928.3193629
1392,137.940566949364,1339.48,5830908.87615232,420395.21875,5828772.08175238
1393,138.019670886241,291.447,2740639.14402573,243535.453125,1618933.25146337
1394,138.019682633125,1352.28,8225391.41396739,550280.3125,6664913.28207298
1395,139.007089252535,302.825,3104002.86384375,249206.65625,1563699.88358789
1396,139.007079959168,1365.21,38293896.2763915,968446.0625,33275235.9993632
1397,140.986146590374,1356.16,79644268.1428501,5526212.5,79477250.2404718
1398,140.98632706682,513.815,459374.345475931,51456.88671875,306147.164232373
1399,140.986146279126,1425.64,8039027.2784801,381148.5,7830736.83253141
1400,140.986144360507,1369.24,40009286.7609999,3656538.25,39906487.575127
1401,140.986158740847,1387.32,25139610.6523077,1830904.25,25010257.1784713
1402,143.107741193403,253.695,160227630.535901,17257272,158041590.884463
1403,145.123450106564,1391.23,5023700.25659572,195344.640625,4833371.74618527
1404,147.029919957041,622.69,31722128.5163062,4371721,30976989.3532687
1405,147.029921829608,1368,5650016.88128906,470802.90625,4926844.42787109
1406,147.02993984699,588.287,35679254.5526999,1103349.875,34220430.0721851
1407,147.029960857208,1352.28,3299871.196875,312101.5625,2632668.41226562
1408,154.947433329177,684.451,28568473.9946414,1089321.625,28451796.8434996
1409,154.947433774362,980.411,34858499.5579845,513233.59375,34405035.1095326
1410,154.947432356319,1357.4,116399951.171488,5282338,116269446.465978
1411,154.947440152,634.02,44010745.618432,840682,43620379.2229582
1412,154.947438162313,756.892,15505229.9422969,788801.0625,15421790.3609607
1413,154.947436439925,845.779,11913653.4528548,595709.5625,11825860.2073094
1414,154.947426978708,962.267,12627378.1846875,546764.75,12528077.6524669
1415,154.94743457128,881.617,8379427.43480208,567798.4375,8315876.34464707
1416,154.947426825437,1166.44,5296055.18631579,252237.640625,5195639.37345967
1417,154.947428293322,1290.65,14106586.65965,515613.59375,13843996.2127626
1418,154.94745867282,1424.38,12739779.7352678,616341,12632617.198775
1419,154.947431495736,707.16,25194592.8999107,1061569.875,25087797.6625072
1420,154.947444866643,733.829,16817981.0673633,888106.0625,16733919.2608216
1421,154.947440030327,806.56,9935462.13721424,608424.375,9862611.42673562
1422,154.947424531951,1264.88,5222069.2940918,268701.46875,5138191.69895963
1423,154.947426698944,772.221,12582169.8571563,713096,12507713.359825
1424,154.94743101404,790.119,9480795.1496875,652461.625,9417185.62558647
1425,154.947437178747,946.922,7485643.03800003,515987.71875,7425657.2358105
1426,154.947448589531,1387.32,34485860.1099997,2326494.75,34406009.8016915
1427,156.954996206586,1353.64,10303797.7699931,593172.5,10300756.0186017
1428,156.955025442407,1426.93,2455218.989375,108413.6328125,2451735.39944634
1429,156.955001845047,1391.23,2290205.93749999,213355.59375,2288676.3652396
1430,157.050632792269,320.468,10516515.6203971,890584.1875,5949245.25591744
1431,160.076829904841,1389.99,13733102.7066405,927239.0625,13298371.5610922
1432,160.076828597449,1423.13,7777929.82656249,416100.75,7202898.85920944
1433,160.076783791173,1354.88,8807211.90230698,698400.1875,8346122.74609339
1434,160.076803361565,1371.71,10531942.6466146,828435.4375,10195428.7208497
1435,167.057694209038,1389.99,14591192.1715722,495435.15625,10582919.144216
1436,168.050209790462,1368,8134368.90642581,531682.125,7072976.63434416
1437,169.098313005647,1358.73,11131160.2183651,337249.71875,11131106.3047066
1438,169.098302807637,1384.81,6855521.67273436,299010.3125,6855488.02873436
1439,169.098299219286,1426.93,2480008.86924104,172799.203125,2479989.88352676
1440,170.996963398393,1351.04,29531871.3385526,2015877,23993441.123707
1441,172.957918824175,1357.4,1317106347.74681,62180776,1217409196.23159
1442,172.97021642784,1365.21,102367707.752996,2226618.75,101478187.644062
1443,173.957480692964,689.497,83187952.1500119,1132815.875,82727830.6175624
1444,173.957489244697,981.67,134300470.609927,696631.5,132805182.947547
1445,173.957506630081,1357.4,136180152.884301,6565090.5,136001765.066034
1446,173.957492085955,635.269,47888138.0812134,952402,47347956.2050893
1447,173.957488266726,1261.06,21239905.8642808,312412.375,20772906.7966436
1448,173.957506324632,1424.38,25025248.2533106,1056603.375,24805347.946932
1449,173.957490943681,761.909,12390162.3294063,834992.625,12302478.0347162
1450,173.957485771424,783.754,12385980.2664107,723003.25,12284989.4639085
1451,173.957518431943,1387.32,38003140.4464286,2714847.75,37901574.101304
1452,174.954729432151,688.247,10287356.8997727,741404.0625,10262744.2177638
1453,174.954728678487,979.15,1314650.93946872,363714.75,1308503.53036208
1454,174.954733916807,1196.28,31901734.9842591,226357.8125,31569893.4657392
1455,174.954747334465,1357.4,87463635.5166629,3917257.25,87408591.9112738
1456,174.954722953013,882.918,17186598.1373339,413696.96875,17111555.5924166
1457,174.954732727067,632.771,21093478.0112638,535625.5625,20977928.8792728
1458,174.954727226089,772.221,7438701.13529546,568366.9375,7413405.94949988
1459,174.954727349059,964.829,7835302.66715627,418738.15625,7799629.96142689
1460,174.954748858682,854.66,8494813.61194303,441897.84375,8457757.09752507
1461,174.9547336316,664.268,9918791.47955733,663303,9892228.40509855
1462,174.954765395038,1425.64,9589960.5603693,526053.0625,9542731.88924749
1463,174.954725717439,714.702,12100645.8563081,700732.3125,12069868.7659098
1464,174.954736203106,737.771,14531076.3999031,619471.5625,14487227.2378722
1465,174.95473326329,812.875,6003951.19350004,403681.03125,5977213.83682432
1466,174.954739860716,831.881,7393724.51399997,415750.78125,7360777.13120354
1467,174.954732672508,650.394,8988128.52703123,619516.125,8961431.66016349
1468,174.954745084046,1387.32,23472692.8392857,1555859.5,23441353.379696
1469,174.962140148195,1362.73,24374403.5808985,977934.875,22907791.5718737
1470,178.962975080002,1356.16,16698149.7117188,1066436.875,16523108.2576285
1471,192.911455011588,1374.35,9324278.10209119,252765.25,5571388.19472044
1472,194.868666485372,1336.82,49118861.8857109,2359312.25,48469199.7023152
1473,194.868685682415,1439.6,4123137.09877836,366189.8125,3882956.6098831
1474,194.868675124582,1415.55,6793639.04061083,327035.875,6333954.04532331
1475,194.868721600323,1379.67,4119742.96124999,303261.8125,3829706.68474871
1476,194.905883678418,820.493,465680612.501463,6718476.5,464990361.258793
1477,194.905899260634,1353.64,71860696.1927083,4311163,71711015.4025527
1478,194.905904602719,580.539,1583254.99611851,379542.65625,1353194.9904306
1479,194.905889802535,959.748,63384411.2703282,1656922.375,63125667.9485128
1480,194.905879614638,1271.42,54648257.8263055,851448.6875,54154137.5926821
1481,194.905881609885,1152.04,16015721.468678,975686.9375,15798288.0803485
1482,194.905882054362,1219.87,20567912.569875,812908.875,20401664.733757
1483,194.905913424842,1386.08,72814599.0992,2903211.25,72608578.1546774
1484,194.905907384615,1425.64,30567146.1696428,1359745.5,30397505.5205428
1485,194.939911597944,1356.16,48822758.4277378,2698139,48536365.5045205
1486,194.939949637251,1424.38,4387581.5965909,232675.171875,4141849.92464456
1487,194.93993136165,1388.75,10173160.40625,694092,10010100.6033811
1488,195.905878592479,819.239,71073533.2443304,1055755.875,70444987.818294
1489,195.905883544276,1352.28,9615387.8115039,737009.125,9484024.39037848
1490,195.905949616924,1387.32,10407344.0723906,508803.6875,10244712.2208596
1491,196.866875479497,1336.82,44110396.1086281,2120986,43588871.1745007
1492,196.866882086281,1439.6,3146884.15517358,331812.84375,2991147.11271472
1493,196.866923508597,1378.43,8346084.39979247,355927.53125,7818335.71462462
1494,196.866893867684,1414.3,6864363.40263349,342515.71875,6474721.43376192
1495,199.170448356108,1353.64,15940610.4180398,987991,15438821.3242427
1496,203.868990907362,1359.97,297000615.726558,7553104.5,297000512.706558
1497,203.8689884285,1439.6,13429016.1534373,835954.9375,13428997.1570088
1498,205.867197109161,1348.56,102367867.9925,6802660,102367838.4375
1499,205.867210531042,1382.15,66412191.7376645,4710122.5,66412165.6850329
1500,205.867202673427,1411.8,27015678.3742859,1581168.25,27015650.5914288
1501,205.867200916493,1439.6,11692975.8030768,855680.875,11692958.0553845
1502,205.867200521003,1362.73,87118346.2471144,6548435,87118327.9932683
1503,206.046876089638,1384.81,27097466.9297282,526005.5,25914297.4066941
1504,207.865413979123,1358.73,57618403.8755788,1463927.625,57611665.2118611
1505,207.865401539828,1439.6,587018.190546873,174055.1875,586737.347277612
1506,212.834868043013,1341.96,99398869.0853224,4610970.5,99227250.5136645
1507,212.834861886462,1414.3,3485573.03471914,173579.96875,3369152.06258146
1508,212.834825354538,1439.6,1416145.48435546,148893.53125,1358168.88946234
1509,212.834856655338,1393.91,1873692.85180397,215892.875,1808683.85904186
1510,215.056262952641,1362.73,1800073.35878905,248860.96875,1154016.25121651
1511,218.963463730804,688.247,48230602.3026322,364888.9375,48135799.7525192
1512,218.963454003677,985.454,17016829.9371304,243605.3125,16973541.0844291
1513,218.96345849513,1188.47,2459087.99789773,178191.484375,2453257.02078176
1514,218.963478255542,1356.16,44384196.8038188,3041149,44375907.5905924
1515,218.963455460355,880.357,11866850.0386182,250818.15625,11845297.7299523
1516,218.9634574214,1261.06,13327852.5656041,197474,13293117.4107423
1517,218.963459165542,963.57,4810809.41014454,250543.15625,4802638.32918174
1518,218.963457027308,1158.59,2666550.03851564,141483.34375,2658117.15091458
1519,218.963456361497,946.922,4575450.65894061,245187.84375,4567677.44330981
1520,218.963461870969,1425.64,2627685.18950639,140515.625,2616768.3273374
1521,218.963459246216,893.071,3422533.64256392,255192.234375,3416749.78859401
1522,218.963465496371,926.397,3556860.93597657,266031.96875,3550671.66928816
1523,218.963464730215,1369.24,20631157.448611,2088141.25,20626232.6624937
1524,218.963475345395,1387.32,12808289.3705357,1004711.5625,12801045.2844188
1525,227.201822082858,1361.38,53430097.4381282,1659855.25,51225939.5375733
1526,232.924739764213,691.999,259042465.653376,1890940,258860172.952654
1527,232.924735820604,963.57,24738364.756324,784343,24710692.2512136
1528,232.924768016098,1359.97,228814912.293147,10674886,228786048.637737
1529,232.924729903941,1198.81,7812741.79271576,335579.28125,7790786.90005955
1530,232.924743464346,844.524,25074928.7280781,960834.0625,25050605.190553
1531,232.924734652262,1266.19,22895108.0540625,334979.25,22823134.2103011
1532,232.924745648357,1004.55,28426167.8213906,642999.125,28374774.5471999
1533,232.924736462319,882.918,12047829.4366364,837176.1875,12036127.7844954
1534,232.924743836909,912.41,14442994.3635268,821377.375,14428231.0896403
1535,232.924752936062,1425.64,18206799.2785511,877012.0625,18184480.2983255
1536,232.924748462127,867.55,12273824.5635909,862087.625,12261888.3422488
1537,232.924729845603,927.699,12622084.6008991,761801.25,12608428.2376375
1538,233.924336006322,1362.73,43292428.9187687,1509425.375,41858174.7199735
1539,233.924385819048,1425.64,2817155.85997869,155468.59375,2186682.29386192
1540,234.921638871423,1361.38,21628602.717673,1003471,21400081.4929589
1541,234.921599940577,1425.64,2914959.7103595,146567.921875,2661089.7317172
1542,241.072280496363,381.078,55792659.3382607,374300.75,55792447.0727756
1543,241.071901768314,705.867,834393.248304682,108014.359375,834384.406138015
1544,241.071970050524,1025.24,1290640.82405274,91201.9609375,1290619.02155274
1545,241.072078508865,1358.73,19570933.0622727,471672.4375,19570860.7306364
1546,241.071915181946,1200.07,6020451.02501668,76027.234375,6020343.60074839
1547,241.07190300663,578.042,1968499.8497578,140568.171875,1968483.4502578
1548,241.072010920225,836.948,1052397.6506591,87580.734375,1052382.49138637
1549,241.071957100303,964.829,3788164.55776114,85110.4296875,3788102.91146326
1550,241.071944778355,1426.93,9393461.06672525,347085.6875,9393429.51464192
1551,241.071927953924,772.221,2595484.34265625,97341.015625,2595449.86365625
1552,241.071916132637,884.176,1047625.22306283,71721.75,1047608.7249795
1553,241.071975562626,496.222,5825844.72020469,185428.296875,5825805.70360469
1554,241.071965190391,1096.87,1491634.53808593,51675.09375,1491591.33808593
1555,241.071940437129,541.522,3138551.50012541,152318.375,3138526.31170436
1556,241.071950307716,631.481,2081591.19407812,128354.40625,2081569.77195312
1557,241.071895485014,788.863,1091270.58185156,86817.5234375,1091254.12385156
1558,241.07199364606,1134.67,689103.455273445,49870.50390625,689084.555273445
1559,241.071925303945,1169.16,1165507.59164063,60157.8671875,1165482.79664063
1560,241.071954260904,521.358,2574189.61779687,158916.515625,2574169.44179687
1561,241.071942197395,613.862,1868803.61448317,129000.3203125,1868785.8452524
1562,241.07190803335,1004.55,1409246.59227691,72527.734375,1409222.24272135
1563,241.071875156732,1047.3,1194496.97887637,59757.20703125,1194473.06005284
1564,241.071944388998,599.727,2234567.33336251,128284.7578125,2234546.71256251
1565,241.071989409983,661.726,1318544.7145142,121998.4765625,1318529.57160511
1566,241.071885477732,678.155,1555500.82025,119955.15625,1555483.17163462
1567,241.071881723289,691.999,1427192.44458168,125751.8203125,1427177.30385441
1568,241.071912296527,720.999,1265218.40180753,99764.2421875,1265203.24908025
1569,241.071849130395,810.366,1102227.98048648,82763.453125,1102210.23171725
1570,241.071884593664,824.259,818474.933828126,87580.734375,818462.279383681
1571,241.071908447744,848.379,819535.645816834,87757.7890625,819522.986927945
1572,241.071956737706,871.323,862776.230957033,76733.984375,862762.095957033
1573,241.071977747125,900.851,1091151.97278846,79448.765625,1091133.8589423
1574,241.071889016744,1146.76,488570.342036128,52104.91796875,488558.405786128
1575,241.071941768835,1312.53,667363.886979159,69148.78125,667351.220312492
1576,241.217485006169,1369.24,44340569.7959438,1049398,43619786.8784829
1577,244.905903526523,1439.6,178058.033225444,32085.40234375,167305.112149831
1578,250.036774633676,1382.15,28438339.3823269,475387,26775422.420271
1579,250.947783705124,1366.63,90753715.6824827,2307854.5,89121708.0272714
1580,250.947722586517,1421.89,5945179.88262567,360736.71875,5296831.32287703
1581,253.217405817391,1366.63,63136222.2147272,1740838.625,62490925.8672443
1582,255.233089629572,214.385,917876047.227511,112704728,908234589.661028
1583,255.233069783415,1361.38,422623466.369926,9632622,394148073.969001
1584,256.08619039777,1375.58,22112794.1874324,761783.375,19940019.8788019
1585,256.086185750399,1354.88,8127987.04481617,537635.75,7096967.73456251
1586,256.236404511582,1368,74389084.853032,1728048.875,73870021.4737306
1587,265.147957891674,1362.73,64312745.246604,2027749,64238189.133029
1588,266.103336531607,1392.48,738615.102285155,125966.8828125,671762.648195799
1589,269.24867507375,1357.4,11418113.7220355,631484.3125,11385657.7223598
1590,269.2486931179,1383.57,10900741.7632562,568610.8125,10871574.4352909
1591,269.248694449459,1433.24,1251119.92386417,99129.265625,1235757.32312297
1592,272.883265426907,1352.28,12396882.6491563,767819.375,11781920.8214342
1593,272.883286074093,1375.58,6152672.28068181,560123,5800538.07386718
1594,279.233062908782,1365.21,5454033.03031803,474871.3125,5401239.67559158
1595,279.232983657423,1384.81,5826451.92337171,336183.1875,5755851.00139848
1596,281.248629272933,1359.97,31555540.9791553,1274922.875,31358549.4193558
1597,282.251945955527,1363.97,3557237.94360348,255053.546875,3510973.36409177
1598,282.25202085805,1386.08,3675989.84512867,355980.9375,3623264.7898079
1599,283.264301774297,1357.4,90773397.2131255,4647306,90225693.4899029
1600,283.264308701429,1383.57,93487968.8099996,4098176.25,92858810.6327509
1601,283.264297867092,1410.55,26933415.6250697,1506946.125,26448204.5979081
1602,284.267611498875,1358.73,20500923.7414978,913915.25,20495281.4571352
1603,284.26760858493,1411.8,6334549.56933041,319110.4375,6330511.90645468
1604,284.267620985004,1434.49,1982104.2266406,153314.078125,1979707.98888001
1605,292.801836818031,1439.6,943088.109759604,75285.125,943070.362067296
1606,294.799897240884,1347.14,21916799.6223516,1740716,21916772.5953516
1607,294.799902217122,1411.8,3284890.53905819,236798.328125,3284866.49350263
1608,294.800005640683,1439.6,1615499.31881769,109530.046875,1615479.08415102
1609,294.799906013402,1363.97,20311346.6891516,1632880,20311327.1570087
1610,294.799918005812,1382.15,8850395.28214291,848206.1875,8850375.8678572
1611,309.174290916591,1366.63,22991378.7610484,763350.9375,22984899.9344166
1612,309.174328936067,1435.75,1344335.11398957,91100.15625,1342615.81041861
1613,310.902312066777,1357.4,82601448.0437817,3822458,82284365.0866824
1614,310.902294692673,1423.13,2208356.45330255,140934.984375,1936292.03104517
1615,310.902298081645,1387.32,15770471.7455357,1236677.25,15589938.3584084
1616,311.169017159601,1363.97,29466142.622859,911296.4375,29099733.7728384
1617,325.18446530377,1362.73,31747328.5471671,907386.75,31612225.9632425
1618,334.896486947945,1439.6,2439307.0770192,241473.65625,2218692.48624997
1619,339.200182779567,1358.73,7755484.57808827,531393.5,7713564.35009141
1620,339.200001236705,1382.15,9755630.82427985,456658.09375,9699875.48863374
1621,361.877044000542,1439.6,164488.404335935,44796.74609375,163725.751076047
1622,381.203336711735,1389.99,13355824.3120108,597270.4375,13207599.8231078
1623,381.203352487225,1345.86,7105647.41606749,370040.34375,6902571.48207272
1624,381.203327150102,1420.63,6518800.42933238,329189.15625,6379514.15958116
1625,594.780692372498,1439.6,109030.048435545,30591.89453125,109023.678435545
